[0.181300 0.049445 0.000000 0.016482 0.032964 0.000000 0.115372 0.346117 0.000000 0.000000 0.148336 0.164818 0.000000 0.065927 ] {arch}
[0.235043 0.078348 0.000000 0.019587 0.019587 0.078348 0.137109 0.058761 0.078348 0.078348 0.000000 0.039174 0.039174 0.078348 ] {rectangle}
[0.295477 0.000000 0.325025 0.472764 0.384121 0.000000 0.236382 0.295477 0.000000 0.000000 0.000000 0.000000 0.000000 0.177286 ] {arch}
[0.784436 0.502391 0.246789 0.000000 0.202719 0.511205 0.837319 0.070511 0.026442 0.035256 0.017628 0.026442 0.008814 0.008814 ] {triangle}
[0.102157 0.000000 0.029188 0.000000 0.000000 0.000000 0.189720 0.102157 0.029188 0.029188 0.000000 0.000000 0.014594 0.437817 ] {square}
[0.579624 0.453618 0.176407 0.025201 0.075603 0.277211 0.730830 0.075603 0.151206 0.201608 0.075603 0.176407 0.000000 0.100804 ] {triangle}
[0.034193 0.017096 0.085482 0.085482 0.068385 0.136771 0.393216 0.410313 0.017096 0.068385 0.119675 0.170964 0.273542 0.410313 ] {triangle}
[0.208914 0.130571 0.026114 0.000000 0.052229 0.130571 0.417828 0.287257 0.156686 0.000000 0.000000 0.000000 0.104457 0.313371 ] {cylinder}
[0.201509 0.020151 0.020151 0.141056 0.120906 0.000000 0.141056 0.141056 0.141056 0.141056 0.080604 0.080604 0.020151 0.241811 ] {arch}
[0.231075 0.000000 0.147048 0.231075 0.189061 0.042014 0.105034 0.126041 0.042014 0.042014 0.042014 0.000000 0.000000 0.084027 ] {arch}
[0.254402 0.034691 0.034691 0.034691 0.000000 0.011564 0.092510 0.080946 0.046255 0.265966 0.450986 0.092510 0.034691 0.115637 ] {arch}
[0.112886 0.042332 0.056443 0.042332 0.028221 0.000000 0.042332 0.507985 0.437432 0.338657 0.014111 0.056443 0.522096 0.592649 ] {t-shaped}
[0.034586 0.034586 0.069171 0.086464 0.086464 0.172928 0.345856 0.380442 0.000000 0.069171 0.121050 0.190221 0.224806 0.466906 ] {triangle}
[0.181170 0.080520 0.000000 0.000000 0.040260 0.060390 0.140910 0.100650 0.040260 0.060390 0.020130 0.000000 0.020130 0.120780 ] {rectangle}
[0.198177 0.000000 0.000000 0.000000 0.000000 0.056622 0.368044 0.339733 0.113244 0.000000 0.000000 0.000000 0.113244 0.368044 ] {cylinder}
[0.059999 0.015000 0.015000 0.000000 0.029999 0.000000 0.209995 0.119997 0.015000 0.000000 0.000000 0.000000 0.000000 0.419991 ] {square}
[0.236041 0.064375 0.042917 0.193125 0.193125 0.064375 0.042917 0.171666 0.085833 0.107292 0.064375 0.064375 0.000000 0.107292 ] {arch}
[0.149088 0.033131 0.000000 0.000000 0.000000 0.000000 0.099392 0.414134 0.016565 0.033131 0.149088 0.165654 0.016565 0.049696 ] {arch}
[0.337619 0.011642 0.023284 0.023284 0.011642 0.000000 0.034926 0.093136 0.034926 0.325977 0.488965 0.221199 0.046568 0.034926 ] {arch}
[0.173046 0.062926 0.015731 0.031463 0.000000 0.015731 0.125852 0.409018 0.015731 0.031463 0.173046 0.188777 0.015731 0.062926 ] {arch}
[0.247377 0.057087 0.000000 0.000000 0.057087 0.057087 0.171261 0.152232 0.095145 0.019029 0.076116 0.019029 0.038058 0.494754 ] {rectangle}
[0.016885 0.050654 0.050654 0.084424 0.084424 0.151963 0.287041 0.439003 0.000000 0.050654 0.084424 0.168847 0.219502 0.405234 ] {triangle}
[0.111402 0.000000 0.000000 0.013925 0.027850 0.041776 0.208878 0.111402 0.097477 0.041776 0.013925 0.000000 0.055701 0.459532 ] {square}
[0.554759 0.443807 0.133142 0.022190 0.000000 0.288474 0.643520 0.155332 0.155332 0.066571 0.110952 0.044381 0.000000 0.199713 ] {triangle}
[0.204761 0.063003 0.015751 0.015751 0.000000 0.000000 0.189010 0.409522 0.015751 0.000000 0.173259 0.157509 0.015751 0.094505 ] {arch}
[0.276119 0.078891 0.000000 0.000000 0.039446 0.059168 0.157783 0.118337 0.078891 0.059168 0.059168 0.000000 0.000000 0.098614 ] {rectangle}
[0.033943 0.016971 0.050914 0.084856 0.084856 0.152742 0.390340 0.407311 0.016971 0.033943 0.118799 0.169713 0.169713 0.339426 ] {triangle}
[0.131063 0.000000 0.018723 0.018723 0.037447 0.074893 0.149786 0.187233 0.000000 0.318296 0.393189 0.187233 0.112340 0.187233 ] {arch}
[0.642352 0.435881 0.114706 0.000000 0.091765 0.412940 0.802939 0.160588 0.068823 0.045882 0.068823 0.045882 0.068823 0.022941 ] {triangle}
[0.543902 0.371445 0.358179 0.000000 0.026532 0.145925 0.477573 0.198989 0.145925 0.132659 0.106127 0.066330 0.013266 0.172457 ] {t-shaped}
[0.251384 0.058012 0.000000 0.000000 0.038674 0.096686 0.135360 0.116023 0.116023 0.096686 0.000000 0.019337 0.000000 0.193372 ] {rectangle}
[0.402816 0.257355 0.022379 0.022379 0.134272 0.246165 0.458762 0.369248 0.223787 0.123083 0.000000 0.078325 0.246165 0.380437 ] {rectangle}
[0.179866 0.065406 0.016351 0.032703 0.000000 0.000000 0.130812 0.376084 0.000000 0.016351 0.147163 0.163515 0.000000 0.065406 ] {arch}
[0.153453 0.000000 0.019182 0.019182 0.057545 0.038363 0.383632 0.172634 0.000000 0.076726 0.345269 0.191816 0.095908 0.172634 ] {arch}
[0.033530 0.067061 0.067061 0.100591 0.083826 0.117356 0.201183 0.419130 0.000000 0.033530 0.083826 0.134122 0.217948 0.385600 ] {triangle}
[0.175586 0.058529 0.058529 0.000000 0.000000 0.087793 0.175586 0.234115 0.058529 0.029264 0.058529 0.000000 0.000000 0.058529 ] {cylinder}
[0.095248 0.019050 0.000000 0.000000 0.000000 0.038099 0.171447 0.209546 0.000000 0.285744 0.361943 0.247645 0.095248 0.152397 ] {arch}
[0.403325 0.320288 0.320288 0.000000 0.000000 0.059313 0.462638 0.284700 0.213525 0.189800 0.166075 0.083038 0.083038 0.249113 ] {t-shaped}
[0.170508 0.024358 0.389733 0.462808 0.389733 0.048717 0.243583 0.121791 0.000000 0.073075 0.073075 0.000000 0.073075 0.048717 ] {arch}
[0.209673 0.076245 0.000000 0.000000 0.019061 0.076245 0.114367 0.133428 0.095306 0.057184 0.000000 0.019061 0.038122 0.114367 ] {rectangle}
[0.419344 0.260673 0.045334 0.000000 0.136003 0.215339 0.362676 0.419344 0.272007 0.147337 0.011334 0.034001 0.238006 0.362676 ] {square}
[0.537645 0.420765 0.163631 0.046752 0.000000 0.303886 0.724651 0.187007 0.140255 0.046752 0.046752 0.000000 0.000000 0.163631 ] {triangle}
[0.038434 0.000000 0.019217 0.076868 0.076868 0.057651 0.211388 0.134520 0.000000 0.269039 0.403559 0.249822 0.115302 0.230605 ] {arch}
[0.534594 0.365089 0.339011 0.000000 0.026078 0.078233 0.482439 0.208622 0.156467 0.143428 0.117350 0.026078 0.039117 0.169506 ] {t-shaped}
[0.132268 0.000000 0.000000 0.000000 0.037791 0.037791 0.170059 0.283432 0.000000 0.283432 0.434596 0.245641 0.094477 0.226746 ] {arch}
[0.390141 0.252444 0.022949 0.011475 0.137697 0.218020 0.390141 0.401615 0.240969 0.091798 0.000000 0.068848 0.240969 0.378666 ] {square}
[0.576108 0.450867 0.125241 0.025048 0.000000 0.275530 0.676301 0.100193 0.150289 0.200385 0.075145 0.150289 0.050096 0.100193 ] {triangle}
[0.038489 0.000000 0.019245 0.057734 0.076979 0.038489 0.211692 0.173202 0.000000 0.269426 0.404139 0.250181 0.115468 0.230936 ] {arch}
[0.122658 0.030664 0.000000 0.000000 0.030664 0.061329 0.183987 0.337309 0.122658 0.030664 0.000000 0.061329 0.091993 0.367973 ] {cylinder}
[0.094466 0.000000 0.000000 0.000000 0.037786 0.037786 0.151145 0.188931 0.000000 0.283397 0.396755 0.226717 0.113359 0.264504 ] {arch}
[0.034256 0.017128 0.051384 0.085641 0.068513 0.137025 0.411076 0.411076 0.000000 0.017128 0.068513 0.171282 0.256922 0.393947 ] {triangle}
[0.555313 0.387427 0.348685 0.000000 0.000000 0.426170 0.477827 0.193714 0.180799 0.142057 0.116228 0.077485 0.025828 0.245371 ] {t-shaped}
[0.127785 0.000000 0.000000 0.000000 0.031946 0.031946 0.159732 0.319463 0.127785 0.031946 0.000000 0.063893 0.000000 0.191678 ] {cylinder}
[0.034889 0.069778 0.069778 0.104667 0.104667 0.139556 0.348890 0.401224 0.000000 0.034889 0.087223 0.157001 0.157001 0.401224 ] {triangle}
[0.398383 0.261794 0.022765 0.011382 0.113824 0.250412 0.375618 0.387000 0.227647 0.136588 0.000000 0.068294 0.261794 0.364236 ] {square}
[0.497520 0.414600 0.165840 0.000000 0.055280 0.165840 0.442240 0.138200 0.193480 0.110560 0.193480 0.082920 0.000000 0.193480 ] {triangle}
[0.555440 0.383518 0.330619 0.026450 0.026450 0.436417 0.515765 0.224821 0.171922 0.158697 0.105798 0.052899 0.000000 0.185147 ] {t-shaped}
[0.381928 0.250981 0.054561 0.000000 0.109122 0.218244 0.381928 0.392840 0.250981 0.098210 0.000000 0.109122 0.240069 0.327367 ] {square}
[0.449518 0.376623 0.315877 0.000000 0.000000 0.388772 0.461667 0.242983 0.170088 0.157939 0.133640 0.060746 0.048597 0.218684 ] {t-shaped}
[0.338460 0.000000 0.033846 0.033846 0.033846 0.067692 0.135384 0.084615 0.016923 0.236922 0.389229 0.135384 0.033846 0.473844 ] {arch}
[0.419518 0.260781 0.045353 0.022677 0.147398 0.226766 0.408180 0.396841 0.215428 0.090707 0.011338 0.056692 0.226766 0.340150 ] {square}
[0.512303 0.362361 0.324875 0.000000 0.000000 0.199923 0.474817 0.249904 0.174933 0.149942 0.112457 0.037486 0.049981 0.199923 ] {t-shaped}
[0.784441 0.332793 0.118855 0.000000 0.118855 0.356564 0.760670 0.000000 0.023771 0.047542 0.047542 0.000000 0.047542 0.118855 ] {triangle}
[0.374280 0.222229 0.081874 0.000000 0.058481 0.257318 0.385977 0.444458 0.269014 0.093570 0.000000 0.116963 0.257318 0.362584 ] {square}
[0.034996 0.052494 0.069992 0.069992 0.069992 0.157482 0.244971 0.402453 0.017498 0.017498 0.104988 0.139984 0.192477 0.314963 ] {triangle}
[0.505378 0.372384 0.132994 0.000000 0.079797 0.638373 0.718169 0.079797 0.000000 0.026599 0.053198 0.106395 0.053198 0.026599 ] {triangle}
[0.432847 0.239205 0.102516 0.000000 0.056954 0.250596 0.387284 0.421456 0.250596 0.091126 0.000000 0.113907 0.205033 0.364503 ] {square}
[0.330262 0.047180 0.000000 0.000000 0.117951 0.401033 0.306672 0.448213 0.000000 0.000000 0.000000 0.047180 0.377443 0.471803 ] {cylinder}
[0.262200 0.000000 0.274685 0.387057 0.299657 0.000000 0.049943 0.087400 0.024971 0.049943 0.037457 0.037457 0.024971 0.062428 ] {arch}
[0.226917 0.174552 0.017455 0.034910 0.122186 0.139641 0.401469 0.139641 0.000000 0.034910 0.000000 0.034910 0.000000 0.104731 ] {rectangle}
[0.188705 0.018870 0.018870 0.000000 0.056611 0.000000 0.075482 0.264187 0.056611 0.037741 0.037741 0.000000 0.000000 0.075482 ] {rectangle}
[0.233462 0.000000 0.245750 0.356337 0.282612 0.000000 0.049150 0.122875 0.000000 0.061437 0.036862 0.024575 0.024575 0.073725 ] {arch}
[0.137240 0.000000 0.019606 0.039212 0.039212 0.000000 0.078423 0.254875 0.039212 0.019606 0.000000 0.000000 0.000000 0.274481 ] {rectangle}
[0.058170 0.000000 0.058170 0.290848 0.058170 0.038780 0.019390 0.155119 0.000000 0.077560 0.058170 0.000000 0.019390 0.193899 ] {arch}
[0.158746 0.014431 0.000000 0.028863 0.028863 0.014431 0.101020 0.389648 0.014431 0.014431 0.202040 0.115451 0.028863 0.000000 ] {arch}
[0.157048 0.019631 0.019631 0.039262 0.058893 0.000000 0.078524 0.196311 0.058893 0.078524 0.078524 0.058893 0.000000 0.117786 ] {rectangle}
[0.125582 0.000000 0.104651 0.293024 0.209303 0.020930 0.083721 0.167442 0.000000 0.020930 0.041861 0.041861 0.000000 0.251163 ] {arch}
[0.162313 0.000000 0.014756 0.014756 0.014756 0.014756 0.103290 0.427916 0.014756 0.044267 0.191824 0.132801 0.014756 0.044267 ] {arch}
[0.000000 0.008009 0.048055 0.088100 0.104119 0.112128 0.168191 0.832948 0.360410 0.032036 0.096109 0.304346 0.504574 0.712811 ] {triangle}
[0.295002 0.000000 0.019667 0.039334 0.039334 0.000000 0.078667 0.255668 0.078667 0.059000 0.078667 0.059000 0.000000 0.118001 ] {rectangle}
[0.242395 0.000000 0.015150 0.015150 0.015150 0.045449 0.090898 0.409041 0.015150 0.015150 0.166646 0.090898 0.030299 0.060599 ] {arch}
[0.211129 0.021113 0.021113 0.042226 0.063339 0.000000 0.126677 0.168903 0.084452 0.021113 0.042226 0.000000 0.000000 0.253355 ] {rectangle}
[0.155773 0.022253 0.044506 0.044506 0.022253 0.000000 0.089013 0.111266 0.044506 0.178026 0.378305 0.133519 0.022253 0.089013 ] {arch}
[0.231988 0.231988 0.265129 0.397693 0.397693 0.033141 0.066282 0.265129 0.033141 0.066282 0.033141 0.033141 0.000000 0.132564 ] {arch}
[0.081411 0.000000 0.027137 0.027137 0.000000 0.081411 0.054274 0.786974 0.597015 0.000000 0.000000 0.298507 0.597015 0.759837 ] {triangle}
[0.197952 0.115472 0.148464 0.000000 0.098976 0.098976 0.280432 0.148464 0.082480 0.214448 0.362912 0.000000 0.032992 0.296928 ] {arch}
[0.162906 0.018101 0.036201 0.036201 0.054302 0.000000 0.108604 0.199108 0.090504 0.072403 0.072403 0.018101 0.018101 0.072403 ] {rectangle}
[0.165254 0.000000 0.330507 0.413134 0.103284 0.000000 0.247880 0.082627 0.000000 0.020657 0.041313 0.041313 0.082627 0.061970 ] {arch}
[0.190896 0.000000 0.000000 0.021211 0.042421 0.000000 0.106053 0.190896 0.063632 0.042421 0.063632 0.000000 0.000000 0.339371 ] {rectangle}
[0.111091 0.022218 0.044437 0.022218 0.022218 0.000000 0.088873 0.111091 0.022218 0.222183 0.377711 0.199964 0.000000 0.044437 ] {arch}
[0.156680 0.058755 0.019585 0.078340 0.097925 0.039170 0.235020 0.313361 0.000000 0.039170 0.039170 0.137095 0.176265 0.176265 ] {triangle}
[0.229382 0.098307 0.229382 0.360458 0.393227 0.000000 0.032769 0.163844 0.098307 0.131076 0.065538 0.098307 0.000000 0.196613 ] {arch}
[0.106154 0.026538 0.132692 0.053077 0.000000 0.159231 0.132692 0.716539 0.583846 0.026538 0.000000 0.371539 0.663462 0.690000 ] {triangle}
[0.107079 0.021416 0.042832 0.042832 0.000000 0.021416 0.042832 0.128495 0.042832 0.149911 0.406902 0.128495 0.000000 0.042832 ] {arch}
[0.095478 0.038191 0.038191 0.076383 0.076383 0.057287 0.248244 0.324626 0.019096 0.000000 0.057287 0.095478 0.210052 0.229148 ] {triangle}
[0.301333 0.158596 0.047579 0.031719 0.015860 0.079298 0.301333 0.285473 0.063438 0.000000 0.031719 0.079298 0.079298 0.158596 ] {square}
[0.420699 0.297995 0.227879 0.017529 0.000000 0.297995 0.490816 0.210350 0.052587 0.052587 0.017529 0.070117 0.000000 0.105175 ] {t-shaped}
[0.416830 0.162101 0.069472 0.000000 0.092629 0.092629 0.277887 0.301044 0.069472 0.023157 0.000000 0.000000 0.069472 0.324201 ] {cylinder}
[0.165554 0.000000 0.000000 0.020694 0.041388 0.000000 0.082777 0.186248 0.041388 0.062083 0.041388 0.020694 0.000000 0.393190 ] {rectangle}
[0.479752 0.079959 0.399793 0.453099 0.373140 0.053306 0.133264 0.159917 0.000000 0.000000 0.000000 0.000000 0.000000 0.079959 ] {arch}
[0.107976 0.000000 0.086381 0.043191 0.021595 0.021595 0.043191 0.129572 0.043191 0.259143 0.388715 0.194358 0.000000 0.129572 ] {arch}
[0.131198 0.000000 0.013120 0.052479 0.039359 0.013120 0.078719 0.104958 0.013120 0.157437 0.472312 0.039359 0.000000 0.104958 ] {arch}
[0.321211 0.176666 0.048182 0.032121 0.000000 0.128484 0.321211 0.256969 0.144545 0.000000 0.048182 0.096363 0.080303 0.208787 ] {square}
[0.408497 0.334225 0.222816 0.000000 0.000000 0.278521 0.519905 0.148544 0.018568 0.055704 0.000000 0.000000 0.037136 0.074272 ] {t-shaped}
[0.247747 0.148648 0.000000 0.000000 0.024775 0.099099 0.346845 0.247747 0.024775 0.000000 0.000000 0.099099 0.099099 0.272521 ] {cylinder}
[0.124197 0.000000 0.000000 0.020699 0.041399 0.000000 0.082798 0.144896 0.041399 0.062098 0.000000 0.000000 0.000000 0.269093 ] {rectangle}
[0.288566 0.078700 0.393499 0.445966 0.419733 0.052467 0.131166 0.157400 0.000000 0.000000 0.052467 0.000000 0.000000 0.209866 ] {arch}
[0.315896 0.189537 0.047384 0.015795 0.000000 0.094769 0.300101 0.300101 0.110563 0.000000 0.047384 0.063179 0.078974 0.173743 ] {square}
[0.396247 0.324202 0.234146 0.018011 0.000000 0.288179 0.558348 0.198123 0.054034 0.036022 0.000000 0.000000 0.018011 0.090056 ] {t-shaped}
[0.307442 0.128101 0.076861 0.000000 0.000000 0.051240 0.256202 0.025620 0.025620 0.051240 0.051240 0.000000 0.000000 0.153721 ] {cylinder}
[0.043555 0.026133 0.026133 0.008711 0.017422 0.000000 0.000000 0.844970 0.557506 0.278753 0.000000 0.182932 0.461685 0.862392 ] {triangle}
[0.453202 0.326306 0.253793 0.036256 0.000000 0.326306 0.507586 0.163153 0.036256 0.054384 0.018128 0.018128 0.000000 0.054384 ] {t-shaped}
[0.177520 0.000000 0.197244 0.355040 0.216969 0.019724 0.118347 0.177520 0.019724 0.039449 0.078898 0.000000 0.019724 0.059173 ] {arch}
[0.146342 0.062718 0.083624 0.000000 0.041812 0.020906 0.167248 0.083624 0.041812 0.020906 0.020906 0.000000 0.041812 0.020906 ] {rectangle}
[0.229312 0.000000 0.294829 0.393106 0.393106 0.000000 0.229312 0.131035 0.032759 0.098276 0.131035 0.065518 0.000000 0.163794 ] {arch}
[0.175818 0.039071 0.039071 0.019535 0.019535 0.019535 0.136747 0.156283 0.078141 0.273495 0.351636 0.195353 0.058606 0.039071 ] {arch}
[0.140191 0.000000 0.397209 0.443939 0.350478 0.070096 0.186922 0.186922 0.000000 0.000000 0.023365 0.070096 0.000000 0.093461 ] {arch}
[0.403589 0.201794 0.062091 0.046568 0.000000 0.124181 0.341498 0.279407 0.062091 0.000000 0.015523 0.062091 0.046568 0.124181 ] {square}
[0.075727 0.042070 0.042070 0.016828 0.033656 0.000000 0.016828 0.832994 0.555329 0.286079 0.000000 0.193524 0.445946 0.849822 ] {triangle}
[0.416603 0.344151 0.235471 0.018113 0.000000 0.289811 0.525282 0.199245 0.036226 0.036226 0.000000 0.000000 0.000000 0.108679 ] {t-shaped}
[0.196614 0.000000 0.178740 0.303858 0.089370 0.000000 0.089370 0.285984 0.071496 0.000000 0.107244 0.035748 0.000000 0.160866 ] {arch}
[0.311572 0.119835 0.023967 0.000000 0.023967 0.143802 0.359506 0.263638 0.023967 0.000000 0.071901 0.095868 0.143802 0.359506 ] {cylinder}
[0.100571 0.040229 0.020114 0.020114 0.080457 0.080457 0.462628 0.261486 0.000000 0.020114 0.120686 0.160914 0.221257 0.241371 ] {triangle}
[0.095798 0.057479 0.076639 0.000000 0.038319 0.076639 0.210757 0.114958 0.019160 0.019160 0.019160 0.057479 0.000000 0.134118 ] {rectangle}
[0.147043 0.024507 0.024507 0.036761 0.049014 0.036761 0.073522 0.122536 0.049014 0.098029 0.404369 0.061268 0.000000 0.098029 ] {arch}
[0.165661 0.020708 0.041415 0.020708 0.062123 0.020708 0.165661 0.103538 0.041415 0.186368 0.372737 0.124246 0.000000 0.248491 ] {arch}
[0.143516 0.035879 0.035879 0.059798 0.035879 0.059798 0.095677 0.119597 0.035879 0.071758 0.346830 0.059798 0.000000 0.095677 ] {arch}
[0.034148 0.017074 0.025611 0.000000 0.025611 0.000000 0.000000 0.836627 0.554906 0.256110 0.000000 0.204888 0.512221 0.862238 ] {triangle}
[0.388311 0.000000 0.232987 0.330064 0.232987 0.000000 0.077662 0.213571 0.038831 0.019416 0.058247 0.000000 0.000000 0.116493 ] {arch}
[0.116869 0.058434 0.038956 0.077913 0.097391 0.097391 0.447997 0.272694 0.019478 0.019478 0.077913 0.155825 0.214259 0.253216 ] {triangle}
[0.259231 0.051846 0.440692 0.492538 0.362923 0.000000 0.233307 0.285154 0.025923 0.025923 0.025923 0.025923 0.000000 0.103692 ] {arch}
[0.141250 0.060536 0.080714 0.000000 0.020179 0.040357 0.181607 0.121071 0.000000 0.020179 0.040357 0.040357 0.020179 0.040357 ] {rectangle}
[0.331418 0.012747 0.000000 0.025494 0.038241 0.012747 0.076481 0.101975 0.063734 0.305924 0.433392 0.369658 0.000000 0.101975 ] {arch}
[0.223546 0.000000 0.044709 0.044709 0.022355 0.044709 0.089418 0.044709 0.022355 0.178837 0.335319 0.134128 0.000000 0.044709 ] {arch}
[0.033964 0.042455 0.033964 0.000000 0.025473 0.016982 0.008491 0.832126 0.568903 0.254733 0.000000 0.246241 0.543429 0.883073 ] {triangle}
[0.242228 0.000000 0.242228 0.383528 0.242228 0.000000 0.040371 0.222043 0.000000 0.020186 0.040371 0.000000 0.000000 0.080743 ] {arch}
[0.311355 0.155677 0.000000 0.000000 0.000000 0.103785 0.259462 0.207570 0.000000 0.000000 0.000000 0.000000 0.103785 0.233516 ] {cylinder}
[0.310514 0.028229 0.423428 0.479885 0.395199 0.112914 0.282285 0.254057 0.028229 0.000000 0.000000 0.000000 0.028229 0.056457 ] {arch}
[0.140757 0.060324 0.080432 0.000000 0.060324 0.060324 0.201081 0.120649 0.000000 0.020108 0.060324 0.000000 0.020108 0.060324 ] {rectangle}
[0.299268 0.092082 0.046041 0.000000 0.023021 0.161144 0.391350 0.115103 0.023021 0.046041 0.046041 0.023021 0.138123 0.368329 ] {cylinder}
[0.212745 0.077362 0.077362 0.038681 0.058021 0.058021 0.135383 0.135383 0.058021 0.135383 0.309447 0.135383 0.019340 0.000000 ] {arch}
[0.148410 0.000000 0.371025 0.420495 0.395760 0.000000 0.173145 0.272085 0.000000 0.000000 0.024735 0.049470 0.024735 0.049470 ] {arch}
[0.382225 0.012330 0.000000 0.024660 0.024660 0.000000 0.086309 0.123298 0.061649 0.283586 0.443874 0.357566 0.024660 0.123298 ] {arch}
[0.033966 0.025474 0.025474 0.000000 0.025474 0.000000 0.000000 0.840647 0.543449 0.254742 0.000000 0.195302 0.492500 0.857630 ] {triangle}
[0.196835 0.000000 0.214729 0.339988 0.035788 0.000000 0.071576 0.268411 0.107365 0.000000 0.107365 0.053682 0.000000 0.232623 ] {arch}
[0.145019 0.024170 0.072509 0.000000 0.000000 0.096679 0.193358 0.072509 0.024170 0.024170 0.000000 0.000000 0.048340 0.314207 ] {triangle}
[0.360069 0.310969 0.229135 0.000000 0.032734 0.376436 0.507370 0.163668 0.081834 0.065467 0.065467 0.032734 0.081834 0.081834 ] {t-shaped}
[0.114399 0.076266 0.095333 0.000000 0.057200 0.057200 0.266932 0.114399 0.000000 0.057200 0.057200 0.038133 0.000000 0.076266 ] {rectangle}
[0.412818 0.024283 0.000000 0.024283 0.012142 0.012142 0.084992 0.121417 0.072850 0.218551 0.449243 0.376393 0.000000 0.048567 ] {arch}
[0.283051 0.141525 0.000000 0.000000 0.000000 0.117938 0.424576 0.471751 0.000000 0.000000 0.000000 0.000000 0.188700 0.283051 ] {cylinder}
[0.378057 0.312308 0.230121 0.000000 0.032874 0.378057 0.509555 0.213684 0.049312 0.049312 0.065749 0.016437 0.082186 0.082186 ] {t-shaped}
[0.210473 0.038268 0.076536 0.038268 0.076536 0.038268 0.191339 0.153071 0.057402 0.095670 0.287009 0.114804 0.000000 0.019134 ] {arch}
[0.121290 0.024258 0.363869 0.412385 0.339611 0.000000 0.242579 0.194063 0.000000 0.000000 0.024258 0.072774 0.048516 0.145548 ] {arch}
[0.112764 0.045106 0.000000 0.090212 0.067659 0.090212 0.090212 0.067659 0.022553 0.067659 0.000000 0.000000 0.090212 0.225529 ] {triangle}
[0.025174 0.033566 0.033566 0.008391 0.025174 0.000000 0.000000 0.813970 0.570618 0.260135 0.000000 0.201395 0.469921 0.855927 ] {triangle}
[0.570776 0.451864 0.285388 0.071347 0.000000 0.237823 0.713470 0.190259 0.118912 0.071347 0.047565 0.023782 0.023782 0.000000 ] {triangle}
[0.434577 0.144859 0.000000 0.000000 0.018107 0.108644 0.362148 0.199181 0.072430 0.000000 0.000000 0.000000 0.018107 0.271611 ] {square}
[0.132310 0.075606 0.094507 0.000000 0.037803 0.094507 0.245719 0.094507 0.000000 0.018901 0.018901 0.018901 0.018901 0.132310 ] {rectangle}
[0.366143 0.156918 0.000000 0.000000 0.026153 0.078459 0.339990 0.183071 0.026153 0.000000 0.000000 0.000000 0.104612 0.209225 ] {cylinder}
[0.227532 0.045506 0.000000 0.022753 0.045506 0.022753 0.113766 0.068259 0.045506 0.159272 0.318544 0.136519 0.022753 0.068259 ] {arch}
[0.401050 0.313866 0.226681 0.000000 0.034874 0.401050 0.557983 0.122059 0.069748 0.034874 0.034874 0.000000 0.052311 0.052311 ] {t-shaped}
[0.042412 0.033930 0.033930 0.000000 0.025447 0.000000 0.000000 0.805832 0.551358 0.271438 0.000000 0.195096 0.466534 0.873691 ] {triangle}
[0.457633 0.109832 0.054916 0.000000 0.000000 0.091527 0.384411 0.201358 0.109832 0.000000 0.018305 0.036611 0.091527 0.164748 ] {square}
[0.162151 0.092658 0.046329 0.000000 0.046329 0.092658 0.185316 0.138987 0.092658 0.046329 0.046329 0.023164 0.023164 0.231644 ] {triangle}
[0.346790 0.080028 0.453494 0.506847 0.426818 0.080028 0.293438 0.266761 0.000000 0.000000 0.000000 0.026676 0.000000 0.106705 ] {arch}
[0.156584 0.097865 0.097865 0.000000 0.039146 0.039146 0.195730 0.117438 0.000000 0.019573 0.019573 0.000000 0.039146 0.019573 ] {rectangle}
[0.175656 0.043914 0.000000 0.021957 0.043914 0.043914 0.153699 0.087828 0.021957 0.131742 0.307397 0.219570 0.021957 0.065871 ] {arch}
[0.502513 0.423169 0.396721 0.105792 0.026448 0.317376 0.714097 0.238032 0.185136 0.079344 0.105792 0.079344 0.079344 0.000000 ] {triangle}
[0.144806 0.000000 0.072403 0.325813 0.199108 0.000000 0.090504 0.036201 0.072403 0.072403 0.000000 0.000000 0.000000 0.162906 ] {arch}
[0.295401 0.139012 0.052130 0.000000 0.017377 0.086883 0.243272 0.347531 0.086883 0.034753 0.034753 0.086883 0.086883 0.191142 ] {square}
[0.335654 0.000000 0.359629 0.455530 0.383604 0.023975 0.167827 0.071926 0.000000 0.023975 0.047951 0.047951 0.023975 0.095901 ] {arch}
[0.379862 0.012254 0.000000 0.024507 0.024507 0.000000 0.061268 0.122536 0.073522 0.220565 0.453383 0.379862 0.024507 0.049014 ] {arch}
[0.556995 0.000000 0.012109 0.036326 0.012109 0.000000 0.060543 0.157412 0.108977 0.157412 0.472235 0.096869 0.012109 0.145303 ] {arch}
[0.280374 0.116823 0.000000 0.000000 0.116823 0.303739 0.420562 0.070094 0.000000 0.000000 0.000000 0.140187 0.163552 0.397197 ] {cylinder}
[0.212675 0.070892 0.023631 0.023631 0.000000 0.070892 0.189045 0.141784 0.094522 0.023631 0.023631 0.023631 0.023631 0.189045 ] {triangle}
[0.416275 0.320211 0.224148 0.000000 0.032021 0.368243 0.544359 0.208137 0.080053 0.096063 0.080053 0.000000 0.080053 0.128085 ] {t-shaped}
[0.137464 0.058913 0.078551 0.000000 0.000000 0.058913 0.255290 0.137464 0.000000 0.000000 0.039275 0.058913 0.019638 0.098188 ] {rectangle}
[0.395906 0.012771 0.012771 0.025542 0.025542 0.012771 0.089398 0.102169 0.051085 0.255423 0.434219 0.306508 0.012771 0.114940 ] {arch}
[0.401767 0.318065 0.234364 0.000000 0.033481 0.385026 0.518949 0.200883 0.083701 0.033481 0.066961 0.016740 0.083701 0.100442 ] {t-shaped}
[0.248827 0.045241 0.000000 0.022621 0.045241 0.022621 0.113103 0.067862 0.000000 0.135724 0.316689 0.226206 0.022621 0.067862 ] {arch}
[0.598843 0.419190 0.209595 0.209595 0.059884 0.209595 0.628785 0.179653 0.089826 0.000000 0.059884 0.089826 0.059884 0.000000 ] {triangle}
[0.807240 0.290606 0.000000 0.137231 0.347113 0.492416 0.621575 0.008072 0.000000 0.048434 0.096869 0.096869 0.161448 0.226027 ] {triangle}
[0.390676 0.159822 0.000000 0.000000 0.017758 0.088790 0.284128 0.319644 0.088790 0.017758 0.000000 0.071032 0.071032 0.177580 ] {square}
[0.501525 0.000000 0.012860 0.038579 0.025719 0.025719 0.051439 0.115737 0.102877 0.141456 0.462947 0.077158 0.025719 0.205754 ] {arch}
[0.360348 0.168162 0.048046 0.000000 0.000000 0.120116 0.336325 0.288278 0.024023 0.000000 0.024023 0.000000 0.096093 0.264255 ] {cylinder}
[0.139774 0.093183 0.046591 0.000000 0.000000 0.093183 0.139774 0.069887 0.093183 0.023296 0.023296 0.023296 0.046591 0.279548 ] {triangle}
[0.500064 0.027781 0.444501 0.416720 0.388938 0.027781 0.305595 0.222251 0.027781 0.000000 0.000000 0.027781 0.027781 0.083344 ] {arch}
[0.138322 0.059281 0.079041 0.000000 0.019760 0.039521 0.217363 0.158083 0.019760 0.039521 0.039521 0.059281 0.000000 0.079041 ] {rectangle}
[0.352273 0.105682 0.000000 0.000000 0.017614 0.088068 0.317046 0.070455 0.105682 0.017614 0.017614 0.052841 0.105682 0.140909 ] {square}
[0.180290 0.022536 0.000000 0.022536 0.045072 0.045072 0.112681 0.067609 0.000000 0.225362 0.315507 0.225362 0.000000 0.045072 ] {arch}
[0.807248 0.306754 0.008072 0.169522 0.347116 0.492421 0.637726 0.008072 0.008072 0.032290 0.096870 0.113015 0.161450 0.226029 ] {triangle}
[0.185131 0.000000 0.000000 0.123421 0.061710 0.020570 0.082281 0.205702 0.000000 0.061710 0.370263 0.041140 0.000000 0.143991 ] {arch}
[0.174091 0.124350 0.000000 0.000000 0.000000 0.000000 0.248701 0.248701 0.049740 0.000000 0.000000 0.000000 0.124350 0.373051 ] {cylinder}
[0.118331 0.070998 0.023666 0.023666 0.000000 0.070998 0.118331 0.118331 0.070998 0.023666 0.023666 0.023666 0.047332 0.236662 ] {triangle}
[0.108785 0.054393 0.380748 0.462337 0.326356 0.027196 0.326356 0.081589 0.000000 0.000000 0.027196 0.054393 0.000000 0.217570 ] {arch}
[0.097979 0.058787 0.078383 0.000000 0.058787 0.019596 0.215554 0.137171 0.019596 0.039192 0.039192 0.058787 0.058787 0.097979 ] {rectangle}
[0.330216 0.312836 0.000000 0.225937 0.747330 0.104279 0.538773 0.451874 0.000000 0.260696 0.208557 0.243317 0.156418 0.364975 ] {}
[0.356849 0.152935 0.016993 0.016993 0.033986 0.118950 0.424821 0.305871 0.067971 0.000000 0.000000 0.084964 0.101957 0.203914 ] {square}
[0.179919 0.022490 0.000000 0.022490 0.022490 0.044980 0.089959 0.134939 0.044980 0.157429 0.314858 0.224899 0.000000 0.044980 ] {arch}
[0.806446 0.345620 0.000000 0.156352 0.337391 0.477285 0.641865 0.008229 0.000000 0.049374 0.098749 0.106978 0.156352 0.238642 ] {triangle}
[0.329994 0.117855 0.000000 0.000000 0.047142 0.141426 0.447849 0.306423 0.047142 0.000000 0.023571 0.023571 0.188568 0.306423 ] {cylinder}
[0.372176 0.022556 0.033834 0.033834 0.078947 0.078947 0.146615 0.146615 0.124059 0.067668 0.462401 0.067668 0.000000 0.496235 ] {arch}
[0.094195 0.070647 0.023549 0.000000 0.000000 0.117744 0.211940 0.141293 0.070647 0.023549 0.047098 0.023549 0.047098 0.188391 ] {triangle}
[0.205293 0.000000 0.020529 0.082117 0.061588 0.000000 0.123176 0.164235 0.000000 0.061588 0.369528 0.082117 0.000000 0.123176 ] {arch}
[0.348985 0.000000 0.429520 0.483210 0.402675 0.000000 0.187915 0.187915 0.026845 0.000000 0.000000 0.000000 0.053690 0.053690 ] {arch}
[0.100327 0.060196 0.080262 0.000000 0.000000 0.020065 0.220719 0.120392 0.000000 0.020065 0.000000 0.040131 0.040131 0.060196 ] {rectangle}
[0.444954 0.000000 0.060129 0.444954 0.276593 0.048103 0.084180 0.132284 0.084180 0.024052 0.036077 0.036077 0.024052 0.288619 ] {arch}
[0.174622 0.043656 0.000000 0.021828 0.043656 0.043656 0.130967 0.109139 0.021828 0.130967 0.371073 0.152795 0.000000 0.130967 ] {arch}
[0.414900 0.331920 0.248940 0.000000 0.049788 0.414900 0.614052 0.182556 0.082980 0.066384 0.033192 0.000000 0.082980 0.082980 ] {t-shaped}
[0.648912 0.519130 0.363391 0.051913 0.000000 0.545086 0.726782 0.103826 0.077869 0.000000 0.000000 0.025956 0.000000 0.000000 ] {triangle}
[0.115082 0.000000 0.368262 0.391278 0.115082 0.023016 0.276196 0.230164 0.023016 0.000000 0.046033 0.046033 0.069049 0.161115 ] {arch}
[0.792383 0.352170 0.000000 0.168081 0.352170 0.496240 0.648313 0.008004 0.000000 0.056027 0.104050 0.096046 0.160077 0.216104 ] {triangle}
[0.155901 0.000000 0.000000 0.077950 0.097438 0.038975 0.175388 0.116925 0.000000 0.077950 0.370264 0.077950 0.000000 0.136413 ] {arch}
[0.374583 0.089186 0.089186 0.000000 0.000000 0.089186 0.374583 0.267559 0.089186 0.017837 0.017837 0.089186 0.089186 0.160535 ] {square}
[0.260015 0.165464 0.023638 0.023638 0.023638 0.047276 0.472755 0.236378 0.141827 0.047276 0.000000 0.000000 0.165464 0.401842 ] {cylinder}
[0.095397 0.057238 0.076318 0.000000 0.019079 0.038159 0.171715 0.133556 0.038159 0.019079 0.019079 0.057238 0.000000 0.076318 ] {rectangle}
[0.482856 0.000000 0.060357 0.446642 0.301785 0.036214 0.108643 0.120714 0.084500 0.024143 0.060357 0.036214 0.000000 0.362142 ] {arch}
[0.787802 0.295426 0.000000 0.155919 0.336457 0.516995 0.656502 0.000000 0.008206 0.049238 0.114888 0.114888 0.155919 0.237982 ] {triangle}
[0.406224 0.088310 0.000000 0.017662 0.017662 0.088310 0.353238 0.052986 0.052986 0.017662 0.000000 0.070648 0.141295 0.141295 ] {square}
[0.324126 0.124664 0.024933 0.000000 0.000000 0.000000 0.199462 0.199462 0.099731 0.049866 0.000000 0.000000 0.074798 0.373992 ] {cylinder}
[0.410879 0.342399 0.239679 0.000000 0.051360 0.410879 0.479358 0.188319 0.051360 0.000000 0.000000 0.000000 0.051360 0.051360 ] {t-shaped}
[0.133409 0.044470 0.000000 0.022235 0.044470 0.022235 0.088939 0.133409 0.044470 0.177878 0.355757 0.244583 0.044470 0.088939 ] {arch}
[0.511947 0.000000 0.060946 0.438812 0.280352 0.024378 0.097514 0.109703 0.109703 0.048757 0.048757 0.012189 0.024378 0.377866 ] {arch}
[0.364031 0.121344 0.017335 0.017335 0.034670 0.104009 0.364031 0.242687 0.138679 0.017335 0.017335 0.069339 0.104009 0.156013 ] {square}
[0.296783 0.123659 0.024732 0.000000 0.000000 0.049464 0.321515 0.272051 0.148391 0.024732 0.000000 0.000000 0.074196 0.296783 ] {cylinder}
[0.174334 0.000000 0.000000 0.000000 0.000000 0.000000 0.043584 0.130751 0.043584 0.087167 0.043584 0.065375 0.000000 0.043584 ] {rectangle}
[0.436986 0.349588 0.244712 0.000000 0.052438 0.454465 0.559342 0.104877 0.034959 0.000000 0.000000 0.000000 0.034959 0.034959 ] {t-shaped}
[0.805656 0.328839 0.000000 0.106873 0.328839 0.493259 0.665900 0.008221 0.000000 0.049326 0.082210 0.106873 0.172641 0.213746 ] {triangle}
[0.235462 0.052325 0.392436 0.444761 0.418598 0.000000 0.340111 0.130812 0.026162 0.000000 0.052325 0.078487 0.026162 0.104650 ] {arch}
[0.145742 0.000000 0.000000 0.104102 0.041641 0.000000 0.104102 0.145742 0.000000 0.062461 0.374766 0.104102 0.000000 0.187383 ] {arch}
[0.631168 0.045083 0.075139 0.195362 0.285528 0.375695 0.510946 0.000000 0.030056 0.105195 0.135250 0.165306 0.240445 0.315584 ] {triangle}
[0.223493 0.022349 0.000000 0.044699 0.067048 0.044699 0.134096 0.089397 0.044699 0.178795 0.335240 0.201144 0.000000 0.134096 ] {arch}
[0.411643 0.011435 0.022869 0.011435 0.057173 0.080042 0.125780 0.171518 0.102911 0.137214 0.491684 0.080042 0.000000 0.434512 ] {arch}
[0.448366 0.000000 0.060590 0.436248 0.302950 0.024236 0.084826 0.121180 0.084826 0.036354 0.024236 0.024236 0.048472 0.375658 ] {arch}
[0.356650 0.186817 0.016983 0.033967 0.033967 0.118883 0.271733 0.305700 0.118883 0.000000 0.000000 0.067933 0.118883 0.152850 ] {square}
[0.174159 0.021770 0.021770 0.021770 0.021770 0.000000 0.065310 0.065310 0.021770 0.087079 0.043540 0.065310 0.000000 0.108849 ] {rectangle}
[0.576392 0.445393 0.314395 0.104798 0.000000 0.288196 0.681190 0.157198 0.130998 0.000000 0.026200 0.052399 0.104798 0.000000 ] {triangle}
[0.807267 0.306761 0.000000 0.153381 0.347125 0.492433 0.637741 0.008073 0.000000 0.048436 0.096872 0.113017 0.161453 0.242180 ] {triangle}
[0.220883 0.000000 0.040161 0.140562 0.080321 0.020080 0.100401 0.160642 0.000000 0.060241 0.361445 0.100401 0.000000 0.120482 ] {arch}
[0.234791 0.140874 0.000000 0.000000 0.046958 0.117395 0.281749 0.234791 0.000000 0.000000 0.046958 0.000000 0.093916 0.258270 ] {cylinder}
[0.540571 0.000000 0.060063 0.180190 0.270286 0.375397 0.495524 0.000000 0.030032 0.105111 0.150159 0.180190 0.255270 0.330349 ] {triangle}
[0.305807 0.000000 0.382259 0.484195 0.331291 0.000000 0.331291 0.101936 0.000000 0.000000 0.025484 0.050968 0.000000 0.101936 ] {arch}
[0.134296 0.044765 0.000000 0.022383 0.044765 0.044765 0.134296 0.067148 0.022383 0.179061 0.335740 0.201444 0.000000 0.089531 ] {arch}
[0.443968 0.000000 0.049330 0.431636 0.283646 0.036997 0.073995 0.123324 0.073995 0.036997 0.024665 0.024665 0.049330 0.295979 ] {arch}
[0.189708 0.021079 0.063236 0.021079 0.021079 0.000000 0.084315 0.105393 0.021079 0.084315 0.042157 0.042157 0.042157 0.000000 ] {rectangle}
[0.783665 0.341399 0.000000 0.178458 0.341399 0.512098 0.644002 0.023277 0.000000 0.038795 0.100868 0.108627 0.162940 0.209495 ] {triangle}
[0.580633 0.454409 0.277694 0.100980 0.050490 0.277694 0.706858 0.176715 0.050490 0.025245 0.000000 0.075735 0.000000 0.000000 ] {triangle}
[0.265338 0.141513 0.035378 0.000000 0.000000 0.070757 0.336094 0.318405 0.123824 0.017689 0.017689 0.088446 0.123824 0.159203 ] {square}
[0.274227 0.174508 0.000000 0.000000 0.000000 0.000000 0.149578 0.249297 0.149578 0.049859 0.000000 0.000000 0.024930 0.373946 ] {cylinder}
[0.148707 0.024784 0.049569 0.446120 0.322198 0.000000 0.148707 0.049569 0.049569 0.074353 0.074353 0.049569 0.024784 0.173491 ] {arch}
[0.672801 0.458077 0.314928 0.014315 0.028630 0.443762 0.515337 0.157464 0.114519 0.071575 0.042945 0.057260 0.000000 0.143149 ] {t-shaped}
[0.216631 0.043326 0.000000 0.021663 0.043326 0.000000 0.108315 0.043326 0.021663 0.216631 0.303283 0.151641 0.000000 0.086652 ] {arch}
[0.449292 0.000000 0.060715 0.437149 0.279289 0.048572 0.085001 0.121430 0.085001 0.024286 0.024286 0.024286 0.024286 0.291432 ] {arch}
[0.090144 0.022536 0.078876 0.405648 0.022536 0.000000 0.371844 0.743688 0.000000 0.033804 0.011268 0.078876 0.090144 0.135216 ] {arch}
[0.409253 0.181890 0.045473 0.022736 0.068209 0.204627 0.295572 0.431990 0.068209 0.022736 0.000000 0.045473 0.136418 0.272836 ] {cylinder}
[0.135112 0.045037 0.000000 0.022519 0.045037 0.045037 0.090075 0.045037 0.000000 0.180149 0.337780 0.202668 0.000000 0.090075 ] {arch}
[0.187900 0.020878 0.062633 0.062633 0.000000 0.000000 0.146145 0.125267 0.020878 0.041756 0.041756 0.041756 0.000000 0.083511 ] {rectangle}
[0.289205 0.057841 0.057841 0.404886 0.289205 0.000000 0.000000 0.086761 0.057841 0.086761 0.028920 0.115682 0.028920 0.086761 ] {arch}
[0.795027 0.362091 0.000000 0.133816 0.330605 0.511651 0.653339 0.007872 0.015743 0.039358 0.102330 0.110202 0.149560 0.212532 ] {triangle}
[0.123905 0.000000 0.000000 0.392366 0.144556 0.000000 0.103254 0.185857 0.103254 0.000000 0.000000 0.082603 0.082603 0.165207 ] {arch}
[0.501659 0.000000 0.077178 0.450207 0.308713 0.038589 0.090041 0.102904 0.064315 0.025726 0.025726 0.000000 0.000000 0.321576 ] {arch}
[0.115159 0.023032 0.092127 0.426087 0.023032 0.000000 0.403056 0.725500 0.000000 0.023032 0.034548 0.046063 0.080611 0.115159 ] {arch}
[0.142766 0.047589 0.000000 0.023794 0.047589 0.071383 0.071383 0.047589 0.000000 0.190355 0.333121 0.190355 0.000000 0.071383 ] {arch}
[0.316284 0.000000 0.210856 0.491998 0.456855 0.035143 0.070285 0.070285 0.070285 0.105428 0.070285 0.210856 0.035143 0.245999 ] {arch}
[0.406833 0.177990 0.101708 0.000000 0.000000 0.076281 0.254271 0.177990 0.076281 0.076281 0.000000 0.000000 0.050854 0.152562 ] {cylinder}
[0.548630 0.426712 0.426712 0.030479 0.000000 0.137158 0.594349 0.213356 0.152397 0.121918 0.045719 0.030479 0.015240 0.167637 ] {t-shaped}
[0.133678 0.000000 0.044559 0.401034 0.200517 0.000000 0.111398 0.111398 0.044559 0.000000 0.000000 0.044559 0.066839 0.089119 ] {arch}
[0.498975 0.000000 0.087321 0.449077 0.324334 0.024949 0.099795 0.099795 0.087321 0.049897 0.037423 0.000000 0.024949 0.162167 ] {arch}
[0.322635 0.258108 0.161317 0.129054 0.129054 0.000000 0.048395 0.500084 0.435557 0.338766 0.209713 0.112922 0.000000 0.548479 ] {triangle}
[0.123862 0.030966 0.185793 0.557379 0.340621 0.030966 0.061931 0.000000 0.061931 0.030966 0.030966 0.061931 0.000000 0.092897 ] {arch}
[0.218920 0.059706 0.039804 0.059706 0.019902 0.000000 0.318430 0.199018 0.059706 0.039804 0.000000 0.019902 0.039804 0.159215 ] {rectangle}
[0.238468 0.065037 0.021679 0.000000 0.000000 0.000000 0.173431 0.346863 0.173431 0.130074 0.000000 0.195110 0.195110 0.281826 ] {square}
[0.304944 0.127060 0.050824 0.000000 0.000000 0.050824 0.254120 0.482827 0.127060 0.050824 0.000000 0.000000 0.101648 0.279532 ] {cylinder}
[0.804627 0.295577 0.000000 0.155999 0.336630 0.467997 0.632207 0.000000 0.016421 0.049263 0.098526 0.114947 0.180630 0.229893 ] {triangle}
[0.132826 0.000000 0.044275 0.420615 0.154963 0.000000 0.088550 0.132826 0.044275 0.000000 0.000000 0.066413 0.066413 0.132826 ] {arch}
[0.179310 0.000000 0.199234 0.338697 0.199234 0.000000 0.099617 0.219157 0.039847 0.059770 0.000000 0.039847 0.019923 0.099617 ] {arch}
[0.170115 0.056705 0.037803 0.056705 0.018902 0.000000 0.302426 0.245721 0.000000 0.018902 0.000000 0.000000 0.000000 0.132311 ] {rectangle}
[0.801901 0.356400 0.000000 0.153900 0.356400 0.510301 0.664201 0.000000 0.000000 0.032400 0.105300 0.097200 0.162000 0.218700 ] {triangle}
[0.513215 0.370655 0.384911 0.014256 0.000000 0.142560 0.555982 0.256607 0.185327 0.114048 0.128304 0.057024 0.000000 0.171072 ] {t-shaped}
[0.218208 0.048491 0.024245 0.072736 0.000000 0.000000 0.000000 0.654625 0.460662 0.242454 0.048491 0.000000 0.387926 0.775852 ] {triangle}
[0.333482 0.242532 0.151583 0.121266 0.121266 0.000000 0.015158 0.500223 0.409273 0.318323 0.227374 0.106108 0.000000 0.545697 ] {triangle}
[0.302985 0.069920 0.000000 0.000000 0.116533 0.372904 0.419517 0.023307 0.046613 0.000000 0.046613 0.093226 0.302985 0.372904 ] {cylinder}
[0.096900 0.013843 0.027686 0.332230 0.013843 0.000000 0.096900 0.678303 0.000000 0.013843 0.096900 0.055372 0.069215 0.179958 ] {arch}
[0.231573 0.000000 0.000000 0.017813 0.017813 0.035627 0.463146 0.231573 0.017813 0.035627 0.089067 0.017813 0.071253 0.195946 ] {rectangle}
[0.216327 0.058998 0.058998 0.019666 0.019666 0.000000 0.294991 0.275325 0.039332 0.078664 0.019666 0.000000 0.019666 0.176995 ] {rectangle}
[0.219741 0.000000 0.164806 0.466949 0.274676 0.027468 0.109870 0.082403 0.000000 0.082403 0.054935 0.082403 0.000000 0.082403 ] {arch}
[0.803842 0.295289 0.000000 0.155847 0.369111 0.483946 0.631590 0.000000 0.000000 0.049215 0.114835 0.114835 0.164049 0.246074 ] {triangle}
[0.312602 0.250082 0.156301 0.156301 0.093781 0.000000 0.046890 0.484534 0.422013 0.296972 0.203192 0.078151 0.015630 0.562684 ] {triangle}
[0.312550 0.250040 0.156275 0.125020 0.093765 0.000000 0.046883 0.515708 0.453198 0.359433 0.234413 0.109393 0.000000 0.562590 ] {triangle}
[0.223382 0.040615 0.060922 0.040615 0.000000 0.000000 0.263997 0.162460 0.020307 0.040615 0.020307 0.000000 0.000000 0.142152 ] {rectangle}
[0.804230 0.295432 0.000000 0.155922 0.369290 0.484180 0.656515 0.000000 0.000000 0.049239 0.114890 0.114890 0.172335 0.221574 ] {triangle}
[0.169460 0.000000 0.190642 0.338920 0.254190 0.000000 0.105912 0.254190 0.042365 0.021182 0.000000 0.042365 0.042365 0.105912 ] {arch}
[0.407270 0.191656 0.071871 0.000000 0.000000 0.071871 0.287485 0.455184 0.191656 0.023957 0.000000 0.000000 0.071871 0.335399 ] {cylinder}
[0.503090 0.414310 0.399513 0.059187 0.000000 0.059187 0.577074 0.266342 0.162765 0.133171 0.073984 0.044390 0.000000 0.073984 ] {t-shaped}
[0.158716 0.000000 0.031743 0.000000 0.000000 0.000000 0.222202 0.222202 0.000000 0.190459 0.222202 0.158716 0.031743 0.126973 ] {arch}
[0.454619 0.000000 0.098296 0.454619 0.282601 0.024574 0.098296 0.098296 0.098296 0.012287 0.036861 0.012287 0.024574 0.270314 ] {arch}
[0.312878 0.250302 0.156439 0.156439 0.093863 0.031288 0.015644 0.484961 0.391097 0.297234 0.172083 0.109507 0.000000 0.469317 ] {triangle}
[0.153722 0.057646 0.038430 0.038430 0.019215 0.000000 0.307444 0.249798 0.019215 0.000000 0.000000 0.000000 0.000000 0.115291 ] {rectangle}
[0.179211 0.000000 0.238948 0.338510 0.258861 0.000000 0.099562 0.139387 0.019912 0.059737 0.000000 0.000000 0.019912 0.099562 ] {arch}
[0.282950 0.117896 0.023579 0.070737 0.000000 0.141475 0.235791 0.188633 0.047158 0.047158 0.023579 0.117896 0.023579 0.188633 ] {square}
[0.268957 0.097803 0.048901 0.000000 0.024451 0.048901 0.195605 0.268957 0.048901 0.000000 0.000000 0.000000 0.097803 0.391211 ] {cylinder}
[0.075694 0.015139 0.075694 0.393611 0.000000 0.000000 0.423889 0.302778 0.000000 0.000000 0.060556 0.075694 0.060556 0.196806 ] {arch}
[0.278209 0.202334 0.101167 0.075875 0.050583 0.050583 0.000000 0.531126 0.455251 0.278209 0.202334 0.000000 0.101167 0.657584 ] {triangle}
[0.032669 0.000000 0.098007 0.098007 0.000000 0.000000 0.196014 0.163345 0.032669 0.032669 0.098007 0.065338 0.032669 0.228683 ] {arch}
[0.546297 0.428178 0.413414 0.000000 0.000000 0.177177 0.561061 0.206707 0.147648 0.103353 0.073824 0.044294 0.014765 0.118118 ] {t-shaped}
[0.312668 0.281401 0.156334 0.156334 0.093800 0.031267 0.046900 0.515902 0.390835 0.328301 0.203234 0.078167 0.000000 0.500268 ] {triangle}
[0.125726 0.000000 0.230498 0.356224 0.251452 0.000000 0.146680 0.209543 0.041909 0.062863 0.000000 0.041909 0.000000 0.104772 ] {arch}
[0.157155 0.028574 0.057147 0.385743 0.000000 0.000000 0.328596 0.671479 0.014287 0.014287 0.071434 0.057147 0.057147 0.214302 ] {arch}
[0.282406 0.070601 0.070601 0.070601 0.000000 0.141203 0.423608 0.235338 0.047068 0.047068 0.023534 0.117669 0.070601 0.235338 ] {square}
[0.204024 0.061207 0.061207 0.040805 0.020402 0.000000 0.265231 0.244828 0.061207 0.040805 0.000000 0.000000 0.000000 0.142816 ] {rectangle}
[0.264226 0.240205 0.096082 0.048041 0.096082 0.024021 0.000000 0.552472 0.408349 0.336287 0.216185 0.000000 0.072062 0.624533 ] {triangle}
[0.105739 0.000000 0.070493 0.176232 0.000000 0.000000 0.140985 0.317217 0.000000 0.000000 0.105739 0.070493 0.000000 0.140985 ] {arch}
[0.522134 0.377097 0.406105 0.000000 0.000000 0.101526 0.565646 0.275571 0.174045 0.130534 0.087022 0.058015 0.029007 0.101526 ] {t-shaped}
[0.378486 0.257371 0.196813 0.166534 0.105976 0.045418 0.030279 0.545020 0.393626 0.333068 0.211952 0.121116 0.000000 0.499602 ] {triangle}
[0.121486 0.040495 0.040495 0.020248 0.020248 0.040495 0.040495 0.182229 0.060743 0.101238 0.040495 0.040495 0.060743 0.060743 ] {arch}
[0.160617 0.040154 0.060231 0.040154 0.020077 0.000000 0.281079 0.180694 0.020077 0.040154 0.000000 0.020077 0.000000 0.140540 ] {rectangle}
[0.763166 0.428118 0.176831 0.037228 0.269900 0.502573 0.716631 0.027921 0.018614 0.027921 0.046535 0.065148 0.074455 0.093069 ] {triangle}
[0.125749 0.000000 0.230539 0.356288 0.251497 0.000000 0.125749 0.125749 0.041916 0.062874 0.000000 0.041916 0.041916 0.104791 ] {arch}
[0.103791 0.014827 0.059309 0.385508 0.000000 0.000000 0.341026 0.489299 0.000000 0.029654 0.044482 0.044482 0.044482 0.192754 ] {arch}
[0.296710 0.123629 0.000000 0.000000 0.000000 0.123629 0.395614 0.222533 0.000000 0.000000 0.000000 0.024726 0.098903 0.222533 ] {cylinder}
[0.123915 0.000000 0.297395 0.421310 0.285004 0.000000 0.061957 0.074349 0.000000 0.000000 0.024783 0.012391 0.000000 0.024783 ] {arch}
[0.213310 0.186646 0.053328 0.026664 0.053328 0.026664 0.000000 0.586603 0.506612 0.373293 0.079991 0.000000 0.453284 0.639931 ] {triangle}
[0.507231 0.362308 0.391293 0.000000 0.000000 0.086954 0.550708 0.246369 0.173908 0.144923 0.086954 0.057969 0.028985 0.101446 ] {t-shaped}
[0.106078 0.000000 0.141437 0.282874 0.070719 0.035359 0.176796 0.106078 0.000000 0.035359 0.247515 0.000000 0.000000 0.106078 ] {arch}
[0.140290 0.000000 0.260539 0.340704 0.200414 0.000000 0.140290 0.160332 0.080166 0.060124 0.040083 0.080166 0.040083 0.220456 ] {arch}
[0.163892 0.040973 0.061459 0.040973 0.020486 0.000000 0.286810 0.204865 0.040973 0.020486 0.000000 0.000000 0.020486 0.122919 ] {rectangle}
[0.063055 0.021018 0.042037 0.042037 0.021018 0.021018 0.063055 0.168146 0.021018 0.084073 0.042037 0.063055 0.000000 0.084073 ] {arch}
[0.773729 0.415172 0.179279 0.028307 0.273636 0.518965 0.726551 0.018871 0.009436 0.018871 0.056614 0.047179 0.047179 0.075486 ] {triangle}
[0.116505 0.014563 0.072816 0.378641 0.000000 0.000000 0.364078 0.582525 0.000000 0.043689 0.058252 0.087379 0.072816 0.203884 ] {arch}
[0.324370 0.124758 0.000000 0.000000 0.000000 0.149709 0.474080 0.074855 0.000000 0.000000 0.024952 0.000000 0.074855 0.199613 ] {cylinder}
[0.137776 0.000000 0.288077 0.413327 0.275552 0.000000 0.037575 0.062625 0.012525 0.025050 0.000000 0.037575 0.000000 0.012525 ] {arch}
[0.401793 0.229596 0.114798 0.038266 0.000000 0.114798 0.401793 0.210463 0.114798 0.095665 0.076532 0.000000 0.000000 0.095665 ] {triangle}
[0.109501 0.000000 0.146001 0.255502 0.073001 0.000000 0.219002 0.182501 0.000000 0.036500 0.255502 0.073001 0.000000 0.146001 ] {arch}
[0.532410 0.384518 0.399308 0.044368 0.000000 0.088735 0.591567 0.266205 0.162681 0.118313 0.088735 0.029578 0.014789 0.118313 ] {t-shaped}
[0.184560 0.000000 0.246080 0.348613 0.266586 0.000000 0.143546 0.287093 0.102533 0.061520 0.041013 0.000000 0.020507 0.164053 ] {arch}
[0.117517 0.039172 0.039172 0.019586 0.019586 0.019586 0.058759 0.097931 0.039172 0.039172 0.078345 0.058759 0.058759 0.039172 ] {arch}
[0.185420 0.041205 0.041205 0.041205 0.020602 0.000000 0.288432 0.164818 0.000000 0.020602 0.000000 0.020602 0.041205 0.123614 ] {rectangle}
[0.785162 0.440457 0.181928 0.009575 0.287254 0.526633 0.737286 0.028725 0.000000 0.000000 0.038301 0.028725 0.057451 0.057451 ] {triangle}
[0.390172 0.230556 0.159616 0.070940 0.000000 0.177351 0.390172 0.195086 0.124146 0.141881 0.106411 0.035470 0.000000 0.053205 ] {triangle}
[0.333014 0.095147 0.000000 0.000000 0.000000 0.071360 0.309228 0.261654 0.023787 0.000000 0.000000 0.047573 0.190294 0.237867 ] {cylinder}
[0.314090 0.235567 0.104697 0.026174 0.052348 0.000000 0.000000 0.549657 0.392612 0.340264 0.235567 0.130871 0.000000 0.575832 ] {triangle}
[0.181995 0.041999 0.069998 0.363991 0.014000 0.014000 0.349991 0.671983 0.014000 0.027999 0.055999 0.069998 0.055999 0.209995 ] {arch}
[0.204557 0.024065 0.288786 0.409113 0.276753 0.012033 0.036098 0.108295 0.024065 0.072196 0.048131 0.036098 0.024065 0.048131 ] {arch}
[0.106304 0.000000 0.141738 0.248042 0.035435 0.000000 0.248042 0.106304 0.000000 0.035435 0.106304 0.000000 0.000000 0.106304 ] {arch}
[0.522832 0.377601 0.406647 0.014523 0.000000 0.130708 0.551879 0.275939 0.174277 0.130708 0.087139 0.058092 0.029046 0.159754 ] {t-shaped}
[0.145650 0.000000 0.249686 0.353722 0.270493 0.000000 0.145650 0.187265 0.083229 0.041614 0.020807 0.000000 0.041614 0.104036 ] {arch}
[0.164344 0.061629 0.061629 0.061629 0.020543 0.000000 0.328688 0.143801 0.000000 0.020543 0.000000 0.020543 0.000000 0.123258 ] {rectangle}
[0.060709 0.000000 0.040473 0.000000 0.020236 0.040473 0.040473 0.141654 0.080945 0.060709 0.060709 0.040473 0.040473 0.060709 ] {arch}
[0.773072 0.433675 0.179126 0.009428 0.273404 0.509096 0.725933 0.018855 0.009428 0.009428 0.056566 0.047139 0.065994 0.075422 ] {triangle}
[0.691908 0.266118 0.177412 0.124189 0.000000 0.141930 0.354825 0.195154 0.106447 0.070965 0.053224 0.017741 0.035482 0.017741 ] {triangle}
[0.316288 0.145979 0.000000 0.000000 0.024330 0.170309 0.437937 0.170309 0.024330 0.000000 0.000000 0.000000 0.072990 0.340618 ] {cylinder}
[0.254676 0.229208 0.178273 0.076403 0.076403 0.025468 0.000000 0.585754 0.509351 0.229208 0.178273 0.025468 0.025468 0.585754 ] {triangle}
[0.157338 0.000000 0.278367 0.399397 0.266264 0.012103 0.048412 0.121029 0.036309 0.084721 0.036309 0.048412 0.024206 0.084721 ] {arch}
[0.070727 0.000000 0.106090 0.176817 0.035363 0.035363 0.141454 0.176817 0.000000 0.000000 0.247544 0.035363 0.000000 0.141454 ] {arch}
[0.491813 0.361627 0.376092 0.014465 0.000000 0.086791 0.549674 0.260372 0.188046 0.115721 0.086791 0.014465 0.014465 0.130186 ] {t-shaped}
[0.116692 0.019449 0.019449 0.038897 0.038897 0.000000 0.116692 0.077795 0.038897 0.019449 0.077795 0.058346 0.019449 0.155590 ] {arch}
[0.199929 0.019993 0.199929 0.359872 0.259907 0.000000 0.139950 0.139950 0.000000 0.039986 0.019993 0.039986 0.000000 0.059979 ] {arch}
[0.155831 0.038958 0.058437 0.038958 0.019479 0.000000 0.311662 0.194789 0.000000 0.000000 0.019479 0.000000 0.019479 0.116873 ] {rectangle}
[0.766113 0.419538 0.200649 0.009120 0.273612 0.510742 0.720511 0.027361 0.018241 0.036482 0.054722 0.063843 0.072963 0.091204 ] {triangle}
[0.637409 0.247881 0.159352 0.123941 0.000000 0.141646 0.354116 0.265587 0.123941 0.088529 0.053117 0.035412 0.000000 0.017706 ] {triangle}
[0.116170 0.029042 0.072606 0.392073 0.029042 0.000000 0.333988 0.697019 0.014521 0.029042 0.058085 0.087127 0.058085 0.188776 ] {arch}
[0.390922 0.183963 0.091982 0.022995 0.045991 0.000000 0.344931 0.252949 0.137972 0.022995 0.000000 0.000000 0.091982 0.298940 ] {cylinder}
[0.177800 0.011853 0.272627 0.391161 0.248920 0.011853 0.047413 0.094827 0.035560 0.071120 0.059267 0.023707 0.000000 0.047413 ] {arch}
[0.293017 0.146508 0.097672 0.097672 0.000000 0.024418 0.000000 0.561615 0.537197 0.390689 0.219762 0.000000 0.048836 0.610451 ] {triangle}
[0.126245 0.000000 0.031561 0.157807 0.031561 0.031561 0.094684 0.252491 0.031561 0.000000 0.189368 0.063123 0.031561 0.189368 ] {arch}
[0.142693 0.040770 0.244617 0.346541 0.244617 0.000000 0.142693 0.183463 0.061154 0.040770 0.000000 0.020385 0.020385 0.081539 ] {arch}
[0.158215 0.039554 0.059331 0.039554 0.039554 0.000000 0.257100 0.237323 0.000000 0.019777 0.039554 0.019777 0.000000 0.118661 ] {rectangle}
[0.060013 0.040008 0.040008 0.020004 0.020004 0.020004 0.040008 0.080017 0.080017 0.080017 0.060013 0.040008 0.000000 0.040008 ] {arch}
[0.770696 0.417847 0.185710 0.000000 0.259994 0.510702 0.724269 0.027856 0.018571 0.027856 0.046427 0.055713 0.064998 0.074284 ] {triangle}
[0.517299 0.277124 0.147800 0.073900 0.000000 0.147800 0.387974 0.147800 0.110850 0.073900 0.073900 0.000000 0.000000 0.036950 ] {triangle}
[0.363496 0.169632 0.096932 0.024233 0.024233 0.048466 0.242331 0.315030 0.121165 0.048466 0.000000 0.000000 0.096932 0.411962 ] {cylinder}
[0.166618 0.030294 0.090882 0.408971 0.015147 0.000000 0.333235 0.651323 0.015147 0.015147 0.075735 0.060588 0.060588 0.151471 ] {arch}
[0.171270 0.000000 0.281372 0.403707 0.269138 0.000000 0.048934 0.085635 0.012234 0.048934 0.061168 0.036701 0.024467 0.048934 ] {arch}
[0.129096 0.000000 0.161370 0.193644 0.000000 0.064548 0.161370 0.193644 0.000000 0.032274 0.161370 0.000000 0.064548 0.161370 ] {arch}
[0.182758 0.036552 0.018276 0.054827 0.000000 0.000000 0.000000 0.657928 0.475170 0.365515 0.000000 0.000000 0.456894 0.566549 ] {t-shaped}
[0.144982 0.000000 0.248540 0.352098 0.248540 0.000000 0.144982 0.124270 0.041423 0.020712 0.041423 0.041423 0.062135 0.103558 ] {arch}
[0.103375 0.020675 0.041350 0.000000 0.020675 0.020675 0.082700 0.124050 0.062025 0.062025 0.041350 0.000000 0.000000 0.103375 ] {arch}
[0.185222 0.041160 0.041160 0.041160 0.020580 0.000000 0.288123 0.205802 0.000000 0.000000 0.000000 0.020580 0.000000 0.123481 ] {rectangle}
[0.106068 0.035356 0.035356 0.053034 0.000000 0.000000 0.106068 0.548019 0.388916 0.353560 0.000000 0.000000 0.441951 0.512663 ] {t-shaped}
[0.774760 0.415725 0.179517 0.009448 0.274000 0.519656 0.727518 0.037793 0.009448 0.018897 0.056690 0.047241 0.075586 0.075586 ] {triangle}
[0.642377 0.249813 0.142750 0.124907 0.000000 0.142750 0.410408 0.214126 0.142750 0.107063 0.124907 0.017844 0.017844 0.035688 ] {triangle}
[0.100645 0.028756 0.071890 0.388204 0.000000 0.000000 0.345070 0.675762 0.014378 0.028756 0.057512 0.057512 0.086267 0.201291 ] {arch}
[0.396513 0.198256 0.000000 0.000000 0.000000 0.074346 0.346948 0.470859 0.024782 0.000000 0.000000 0.000000 0.099128 0.247820 ] {cylinder}
[0.143496 0.000000 0.275034 0.394615 0.263076 0.000000 0.023916 0.095664 0.023916 0.059790 0.059790 0.047832 0.035874 0.095664 ] {arch}
[0.318259 0.000000 0.141448 0.282897 0.000000 0.035362 0.141448 0.424345 0.000000 0.000000 0.106086 0.035362 0.000000 0.106086 ] {arch}
[0.121498 0.040499 0.040499 0.040499 0.020250 0.020250 0.080999 0.141748 0.060749 0.060749 0.040499 0.040499 0.040499 0.060749 ] {arch}
[0.236029 0.118014 0.023603 0.023603 0.000000 0.047206 0.236029 0.283235 0.047206 0.047206 0.000000 0.000000 0.070809 0.377646 ] {cylinder}
[0.180143 0.000000 0.240191 0.340271 0.260207 0.000000 0.140111 0.180143 0.020016 0.080064 0.020016 0.040032 0.040032 0.140111 ] {arch}
[0.266065 0.145126 0.120938 0.024188 0.000000 0.024188 0.000000 0.532129 0.435378 0.266065 0.169314 0.000000 0.145126 0.677255 ] {triangle}
[0.082933 0.016587 0.016587 0.049760 0.000000 0.000000 0.132693 0.563947 0.398080 0.298560 0.000000 0.016587 0.481014 0.514187 ] {t-shaped}
[0.141839 0.040525 0.020263 0.040525 0.020263 0.000000 0.243152 0.222889 0.000000 0.000000 0.000000 0.040525 0.020263 0.081051 ] {rectangle}
[0.797808 0.421830 0.155894 0.018340 0.275106 0.513532 0.715276 0.000000 0.018340 0.027511 0.045851 0.036681 0.064191 0.082532 ] {triangle}
[0.225529 0.112764 0.112764 0.067659 0.000000 0.135317 0.270635 0.135317 0.090212 0.045106 0.000000 0.112764 0.022553 0.270635 ] {square}
[0.192605 0.055030 0.068787 0.398967 0.000000 0.000000 0.330180 0.687875 0.068787 0.027515 0.082545 0.096302 0.068787 0.206362 ] {arch}
[0.194757 0.012172 0.279964 0.401687 0.267791 0.012172 0.060862 0.097379 0.000000 0.048689 0.036517 0.012172 0.012172 0.073034 ] {arch}
[0.176858 0.000000 0.106115 0.141487 0.000000 0.000000 0.176858 0.176858 0.000000 0.106115 0.282973 0.000000 0.000000 0.176858 ] {arch}
[0.481408 0.275090 0.189124 0.103159 0.017193 0.120352 0.395442 0.275090 0.120352 0.120352 0.103159 0.051579 0.034386 0.034386 ] {triangle}
[0.316819 0.170595 0.073112 0.000000 0.000000 0.048741 0.268078 0.414302 0.170595 0.000000 0.000000 0.000000 0.048741 0.316819 ] {cylinder}
[0.200123 0.020012 0.240147 0.340208 0.240147 0.000000 0.120074 0.160098 0.020012 0.040025 0.000000 0.040025 0.020012 0.120074 ] {arch}
[0.203962 0.050991 0.000000 0.067987 0.000000 0.000000 0.101981 0.713868 0.458915 0.356934 0.033994 0.016997 0.526903 0.543900 ] {t-shaped}
[0.138003 0.039429 0.019715 0.039429 0.019715 0.000000 0.276006 0.236577 0.000000 0.019715 0.000000 0.019715 0.000000 0.098574 ] {rectangle}
[0.094905 0.037962 0.037962 0.056943 0.056943 0.000000 0.075924 0.113885 0.056943 0.056943 0.056943 0.056943 0.000000 0.094905 ] {arch}
[0.751485 0.425540 0.181081 0.000000 0.262567 0.507026 0.724323 0.027162 0.045270 0.054324 0.063378 0.036216 0.072432 0.090540 ] {triangle}
[0.463530 0.249593 0.124796 0.089140 0.000000 0.142625 0.338733 0.178281 0.124796 0.106968 0.106968 0.053484 0.017828 0.071312 ] {triangle}
[0.319366 0.266138 0.239524 0.000000 0.026614 0.000000 0.026614 0.505662 0.372593 0.266138 0.212911 0.106455 0.026614 0.665345 ] {triangle}
[0.102815 0.029376 0.088127 0.411260 0.014688 0.000000 0.308445 0.616891 0.014688 0.029376 0.058751 0.088127 0.102815 0.190942 ] {arch}
[0.154119 0.023711 0.284527 0.391224 0.260816 0.011855 0.023711 0.094842 0.035566 0.071132 0.047421 0.035566 0.011855 0.047421 ] {arch}
[0.153963 0.000000 0.092378 0.123170 0.000000 0.030793 0.153963 0.215548 0.030793 0.153963 0.153963 0.061585 0.092378 0.215548 ] {arch}
[0.162278 0.034774 0.278192 0.394105 0.266600 0.011591 0.057957 0.104322 0.023183 0.081139 0.057957 0.046365 0.011591 0.023183 ] {arch}
[0.436661 0.183857 0.068947 0.045964 0.000000 0.000000 0.390697 0.275786 0.160875 0.045964 0.000000 0.000000 0.114911 0.321751 ] {cylinder}
[0.206718 0.000000 0.206718 0.351421 0.248062 0.000000 0.186046 0.186046 0.082687 0.062015 0.000000 0.000000 0.062015 0.124031 ] {arch}
[0.119133 0.034038 0.000000 0.017019 0.000000 0.000000 0.102114 0.561627 0.425475 0.374418 0.000000 0.017019 0.459513 0.544608 ] {t-shaped}
[0.205137 0.041027 0.061541 0.041027 0.020514 0.000000 0.328219 0.205137 0.041027 0.000000 0.000000 0.000000 0.000000 0.123082 ] {rectangle}
[0.761301 0.422945 0.169178 0.018798 0.281964 0.516933 0.723706 0.028196 0.018798 0.056393 0.056393 0.056393 0.075190 0.084589 ] {triangle}
[0.077580 0.038790 0.038790 0.038790 0.058185 0.019395 0.077580 0.116370 0.038790 0.096975 0.096975 0.058185 0.000000 0.077580 ] {arch}
[0.400555 0.273105 0.145656 0.091035 0.018207 0.163863 0.382348 0.182070 0.091035 0.127449 0.072828 0.018207 0.036414 0.036414 ] {triangle}
[0.099442 0.028412 0.056824 0.369355 0.000000 0.000000 0.326738 0.667681 0.014206 0.042618 0.085236 0.071030 0.056824 0.213090 ] {arch}
[0.149806 0.000000 0.099871 0.000000 0.024968 0.074903 0.174774 0.224709 0.024968 0.000000 0.024968 0.000000 0.000000 0.149806 ] {square}
[0.274584 0.224659 0.074886 0.074886 0.074886 0.049924 0.000000 0.574130 0.499243 0.299546 0.174735 0.000000 0.174735 0.599092 ] {triangle}
[0.105769 0.000000 0.141025 0.176281 0.000000 0.000000 0.141025 0.317306 0.000000 0.070512 0.211537 0.000000 0.000000 0.141025 ] {arch}
