[0.140058 0.000000 0.000000 0.000000 0.015562 0.000000 0.093372 0.560233 0.435737 0.108934 0.000000 0.062248 0.420175 0.451299 ] {T-shaped}
[0.364815 0.243210 0.060802 0.000000 0.121605 0.231049 0.376975 0.401296 0.267531 0.097284 0.000000 0.085123 0.267531 0.389136 ] {square}
[0.066143 0.044095 0.022048 0.044095 0.000000 0.066143 0.088190 0.683476 0.485047 0.242524 0.000000 0.176381 0.463000 0.595285 ] {triangle}
[0.790596 0.540408 0.290219 0.010008 0.170128 0.490370 0.780589 0.060045 0.050038 0.020015 0.020015 0.030023 0.000000 0.030023 ] {triangle}
[0.231576 0.150524 0.104209 0.000000 0.000000 0.219997 0.451573 0.636833 0.277891 0.023158 0.115788 0.196839 0.266312 0.335785 ] {doughnut}
[0.057143 0.022857 0.022857 0.000000 0.022857 0.000000 0.320002 0.354288 0.011429 0.022857 0.022857 0.045715 0.080000 0.091429 ] {rectangle}
[0.408834 0.000000 0.092317 0.013188 0.105505 0.079129 0.105505 0.092317 0.000000 0.369269 0.448398 0.369269 0.026376 0.052753 ] {arch}
[0.177869 0.111168 0.088934 0.022234 0.000000 0.111168 0.244570 0.400205 0.000000 0.133402 0.111168 0.133402 0.022234 0.133402 ] {rectangle}
[0.218024 0.081759 0.081759 0.054506 0.000000 0.027253 0.463301 0.272530 0.000000 0.000000 0.054506 0.054506 0.081759 0.218024 ] {rectangle}
[0.395657 0.244376 0.058185 0.000000 0.104733 0.232739 0.337472 0.453841 0.279287 0.151280 0.000000 0.104733 0.314198 0.442204 ] {square}
[0.069049 0.046033 0.023016 0.046033 0.000000 0.092066 0.115082 0.644461 0.391280 0.184132 0.000000 0.138099 0.345247 0.598428 ] {triangle}
[0.775582 0.530145 0.284707 0.009817 0.186532 0.471240 0.785400 0.058905 0.029452 0.029452 0.019635 0.049087 0.000000 0.029452 ] {triangle}
[0.267289 0.160373 0.106916 0.026729 0.000000 0.053458 0.507849 0.481120 0.133644 0.026729 0.026729 0.133644 0.213831 0.133644 ] {half-cylinder}
[0.375587 0.000000 0.051805 0.000000 0.103610 0.064756 0.090659 0.116561 0.000000 0.246074 0.466246 0.362635 0.025903 0.077708 ] {arch}
[0.214054 0.107027 0.000000 0.160541 0.053514 0.000000 0.160541 0.267568 0.321082 0.053514 0.000000 0.214054 0.107027 0.321082 ] {rectangle}
[0.212036 0.111598 0.089278 0.000000 0.000000 0.200876 0.446392 0.613789 0.234356 0.022320 0.100438 0.212036 0.245516 0.301314 ] {doughnut}
[0.061024 0.000000 0.015256 0.000000 0.000000 0.000000 0.076280 0.488193 0.457681 0.076280 0.000000 0.061024 0.427169 0.472937 ] {T-shaped}
[0.139538 0.000000 0.027908 0.027908 0.000000 0.000000 0.362799 0.418614 0.000000 0.055815 0.000000 0.027908 0.111630 0.083723 ] {rectangle}
[0.501857 0.021356 0.010678 0.010678 0.021356 0.042711 0.064067 0.138811 0.074745 0.053389 0.010678 0.000000 0.032033 0.181523 ] {rectangle}
[0.761106 0.520250 0.279393 0.000000 0.183051 0.491347 0.770740 0.077074 0.038537 0.048171 0.019269 0.048171 0.000000 0.038537 ] {triangle}
[0.440154 0.000000 0.088031 0.000000 0.088031 0.088031 0.113182 0.088031 0.000000 0.238941 0.415002 0.339547 0.012576 0.113182 ] {arch}
[0.135544 0.000000 0.000000 0.015060 0.015060 0.000000 0.090363 0.496995 0.451814 0.075302 0.015060 0.060242 0.421693 0.436754 ] {T-shaped}
[0.267992 0.163126 0.104866 0.046607 0.000000 0.198081 0.489377 0.570940 0.116518 0.000000 0.011652 0.116518 0.198081 0.256340 ] {doughnut}
[0.042571 0.000000 0.191570 0.340569 0.000000 0.000000 0.404425 0.191570 0.063857 0.042571 0.000000 0.106428 0.148999 0.127713 ] {arch}
[0.385884 0.224062 0.062239 0.000000 0.099583 0.236510 0.373436 0.398332 0.261405 0.149374 0.012448 0.074687 0.286301 0.435676 ] {square}
[0.499933 0.042547 0.010637 0.000000 0.010637 0.010637 0.063821 0.148916 0.085095 0.085095 0.053184 0.085095 0.063821 0.095732 ] {rectangle}
[0.779217 0.532629 0.286042 0.019727 0.197270 0.493175 0.808808 0.059181 0.019727 0.039454 0.029591 0.029591 0.000000 0.000000 ] {triangle}
[0.240239 0.144143 0.084084 0.036036 0.000000 0.192191 0.504501 0.636632 0.120119 0.012012 0.024024 0.132131 0.204203 0.240239 ] {doughnut}
[0.125888 0.000000 0.015736 0.000000 0.000000 0.000000 0.094416 0.613702 0.472078 0.110152 0.000000 0.062944 0.424870 0.456342 ] {T-shaped}
[0.123998 0.000000 0.049599 0.024800 0.074399 0.000000 0.247996 0.123998 0.024800 0.024800 0.074399 0.148798 0.099198 0.099198 ] {rectangle}
[0.106801 0.021360 0.192242 0.341763 0.000000 0.000000 0.469924 0.683526 0.042720 0.085441 0.042720 0.128161 0.170882 0.128161 ] {arch}
[0.307125 0.016164 0.193974 0.274796 0.177809 0.016164 0.226303 0.274796 0.000000 0.016164 0.080822 0.064658 0.080822 0.113151 ] {arch}
[0.270369 0.152817 0.117552 0.035266 0.000000 0.188083 0.470207 0.599514 0.164573 0.000000 0.058776 0.117552 0.223348 0.258614 ] {doughnut}
[0.026617 0.017745 0.026617 0.026617 0.035489 0.000000 0.026617 0.798507 0.550083 0.257297 0.000000 0.248424 0.541210 0.825124 ] {triangle}
[0.019328 0.038656 0.212608 0.328575 0.000000 0.038656 0.328575 0.483199 0.077312 0.000000 0.038656 0.154624 0.154624 0.135296 ] {arch}
[0.394863 0.015187 0.182244 0.258179 0.167057 0.045561 0.303740 0.349302 0.015187 0.045561 0.030374 0.060748 0.121496 0.091122 ] {arch}
[0.308250 0.187152 0.099080 0.022018 0.022018 0.231188 0.451366 0.539438 0.242197 0.011009 0.044036 0.066054 0.253205 0.330268 ] {doughnut}
[0.191097 0.000000 0.023887 0.071661 0.095548 0.000000 0.621064 0.143323 0.000000 0.000000 0.047774 0.095548 0.095548 0.167210 ] {rectangle}
[0.081744 0.000000 0.204361 0.286105 0.000000 0.020436 0.306541 0.572209 0.061308 0.020436 0.000000 0.102180 0.143052 0.143052 ] {arch}
[0.017740 0.017740 0.026610 0.026610 0.035480 0.017740 0.026610 0.798310 0.532207 0.257233 0.000000 0.230623 0.541077 0.842661 ] {triangle}
[0.306275 0.083530 0.055686 0.000000 0.027843 0.139216 0.389804 0.139216 0.139216 0.000000 0.000000 0.083530 0.139216 0.417648 ] {cylinder}
[0.112833 0.062685 0.037611 0.050148 0.012537 0.000000 0.188056 0.551630 0.363574 0.388649 0.000000 0.037611 0.426260 0.488945 ] {T-shaped}
[0.295011 0.031054 0.201849 0.248430 0.124215 0.031054 0.295011 0.326064 0.015527 0.000000 0.031054 0.031054 0.077634 0.108688 ] {arch}
[0.315974 0.000000 0.000000 0.030093 0.075232 0.030093 0.105325 0.105325 0.000000 0.045139 0.090278 0.045139 0.015046 0.030093 ] {square}
[0.026140 0.017427 0.026140 0.026140 0.034853 0.017427 0.026140 0.801621 0.557649 0.252685 0.000000 0.261398 0.566362 0.827760 ] {triangle}
[0.041002 0.082004 0.041002 0.061503 0.102505 0.102505 0.205009 0.738033 0.307514 0.041002 0.041002 0.205009 0.451020 0.615028 ] {triangle}
[0.626175 0.208725 0.000000 0.034788 0.104363 0.243513 0.208725 0.208725 0.069575 0.104363 0.000000 0.139150 0.069575 0.347875 ] {rectangle}
[0.380015 0.420017 0.180007 0.040002 0.080003 0.200008 0.200008 0.280011 0.240010 0.080003 0.020001 0.000000 0.100004 0.260011 ] {cylinder}
[0.224922 0.084346 0.084346 0.000000 0.056231 0.112461 0.534191 0.168692 0.112461 0.028115 0.000000 0.084346 0.168692 0.281153 ] {half-cylinder}
[0.218377 0.109188 0.054594 0.054594 0.027297 0.027297 0.272971 0.081891 0.109188 0.054594 0.000000 0.027297 0.027297 0.191080 ] {rectangle}
[0.080285 0.000000 0.200713 0.341212 0.000000 0.040143 0.341212 0.582068 0.060214 0.000000 0.000000 0.140499 0.120428 0.140499 ] {arch}
[0.114276 0.088881 0.050789 0.050789 0.025395 0.025395 0.152367 0.545983 0.393616 0.419010 0.000000 0.050789 0.406313 0.507891 ] {T-shaped}
[0.349529 0.015888 0.190652 0.254203 0.174765 0.047663 0.285978 0.317754 0.000000 0.031775 0.063551 0.079438 0.111214 0.095326 ] {arch}
[0.000000 0.008781 0.026342 0.017562 0.008781 0.017562 0.026342 0.799054 0.526849 0.237082 0.000000 0.263424 0.553191 0.842958 ] {triangle}
[0.142412 0.081378 0.061034 0.101723 0.040689 0.000000 0.142412 0.284824 0.081378 0.101723 0.020345 0.081378 0.000000 0.183101 ] {rectangle}
[0.000000 0.063429 0.042286 0.063429 0.084572 0.105715 0.148000 0.761145 0.359430 0.042286 0.000000 0.211429 0.422859 0.592002 ] {triangle}
[0.194287 0.016191 0.000000 0.032381 0.113334 0.064762 0.194287 0.113334 0.016191 0.097144 0.080953 0.064762 0.048572 0.129525 ] {square}
[0.320846 0.225781 0.130715 0.023766 0.059416 0.273314 0.499094 0.439678 0.225781 0.000000 0.023766 0.142598 0.190131 0.285197 ] {doughnut}
[0.235713 0.058928 0.000000 0.000000 0.000000 0.088392 0.176785 0.324106 0.147321 0.000000 0.029464 0.000000 0.176785 0.353570 ] {cylinder}
[0.088768 0.088768 0.038043 0.038043 0.012681 0.012681 0.139493 0.570652 0.405797 0.405797 0.038043 0.025362 0.494565 0.519927 ] {T-shaped}
[0.317618 0.016717 0.200601 0.250751 0.217318 0.016717 0.200601 0.284185 0.033434 0.016717 0.050150 0.033434 0.066867 0.050150 ] {arch}
[0.000000 0.008919 0.035674 0.026756 0.026756 0.017837 0.026756 0.811595 0.535117 0.222966 0.000000 0.249721 0.544036 0.838351 ] {triangle}
[0.158818 0.000000 0.000000 0.063527 0.063527 0.000000 0.000000 0.158818 0.158818 0.031764 0.000000 0.031764 0.031764 0.349399 ] {rectangle}
[0.234173 0.209523 0.073949 0.024650 0.012325 0.221848 0.492996 0.468346 0.123249 0.000000 0.036975 0.123249 0.172548 0.283472 ] {doughnut}
[0.433552 0.335017 0.433552 0.236483 0.000000 0.137948 0.807982 0.472965 0.098534 0.039414 0.039414 0.000000 0.000000 0.039414 ] {square}
[0.299708 0.000000 0.000000 0.031548 0.094645 0.094645 0.126193 0.047322 0.000000 0.000000 0.015774 0.000000 0.000000 0.236612 ] {square}
[0.386595 0.016108 0.193298 0.257730 0.161081 0.032216 0.338271 0.322163 0.032216 0.016108 0.016108 0.016108 0.080541 0.096649 ] {arch}
[0.008740 0.017480 0.034961 0.026220 0.034961 0.017480 0.026220 0.795353 0.541889 0.253464 0.000000 0.227244 0.550629 0.847794 ] {triangle}
[0.224092 0.056023 0.000000 0.000000 0.000000 0.140057 0.280114 0.364149 0.056023 0.000000 0.000000 0.000000 0.112046 0.448183 ] {cylinder}
[0.309399 0.214199 0.095200 0.000000 0.047600 0.261799 0.511698 0.464098 0.226099 0.000000 0.023800 0.142799 0.190399 0.285599 ] {doughnut}
[0.098716 0.148073 0.098716 0.000000 0.000000 0.000000 0.098716 0.246789 0.197431 0.000000 0.049358 0.049358 0.000000 0.246789 ] {rectangle}
[0.552118 0.125481 0.000000 0.050193 0.125481 0.250963 0.401541 0.050193 0.000000 0.050193 0.000000 0.050193 0.075289 0.125481 ] {triangle}
[0.017312 0.017312 0.043280 0.034624 0.043280 0.017312 0.043280 0.813663 0.545327 0.225056 0.000000 0.285648 0.571295 0.839631 ] {triangle}
[0.278523 0.015474 0.000000 0.015474 0.061894 0.015474 0.154735 0.139262 0.000000 0.046421 0.077368 0.030947 0.015474 0.061894 ] {square}
[0.342589 0.015572 0.171295 0.218011 0.109006 0.015572 0.280300 0.358162 0.031144 0.031144 0.062289 0.031144 0.093433 0.124578 ] {arch}
[0.253041 0.253041 0.173966 0.000000 0.031630 0.173966 0.395376 0.189781 0.063260 0.063260 0.000000 0.015815 0.047445 0.126520 ] {T-shaped}
[0.403789 0.308780 0.071257 0.023752 0.047505 0.142514 0.190018 0.285028 0.237523 0.000000 0.000000 0.000000 0.071257 0.261275 ] {cylinder}
[0.087463 0.029154 0.000000 0.000000 0.029154 0.058308 0.306119 0.072886 0.000000 0.000000 0.043731 0.000000 0.029154 0.087463 ] {doughnut}
[0.026151 0.017434 0.026151 0.026151 0.034868 0.000000 0.043585 0.801955 0.557882 0.270224 0.000000 0.244073 0.549165 0.880407 ] {triangle}
[0.093919 0.140879 0.140879 0.000000 0.000000 0.046960 0.093919 0.375677 0.093919 0.046960 0.000000 0.093919 0.140879 0.281758 ] {rectangle}
[0.131771 0.043924 0.065885 0.010981 0.032943 0.000000 0.494140 0.285503 0.021962 0.230599 0.428255 0.186675 0.032943 0.142752 ] {arch}
[0.228456 0.228456 0.179501 0.000000 0.032637 0.195819 0.391638 0.261092 0.032637 0.000000 0.016318 0.016318 0.032637 0.114228 ] {T-shaped}
[0.456219 0.434494 0.000000 0.021725 0.086899 0.152073 0.238972 0.260696 0.238972 0.086899 0.000000 0.021725 0.065174 0.260696 ] {cylinder}
[0.100464 0.014352 0.000000 0.000000 0.028704 0.071760 0.157871 0.129168 0.000000 0.000000 0.028704 0.000000 0.014352 0.057408 ] {doughnut}
[0.269028 0.218585 0.151328 0.000000 0.033628 0.201771 0.403542 0.403542 0.050443 0.050443 0.033628 0.016814 0.000000 0.134514 ] {T-shaped}
[0.141304 0.188406 0.047101 0.047101 0.000000 0.047101 0.141304 0.329710 0.188406 0.094203 0.047101 0.094203 0.094203 0.282609 ] {rectangle}
[0.463969 0.154656 0.025776 0.025776 0.051552 0.231984 0.412417 0.154656 0.128880 0.128880 0.051552 0.000000 0.077328 0.257760 ] {triangle}
[0.341307 0.107781 0.053891 0.035927 0.017964 0.215563 0.449089 0.179635 0.089818 0.000000 0.000000 0.089818 0.143708 0.305380 ] {rectangle}
[0.175908 0.043977 0.043977 0.032983 0.032983 0.000000 0.516730 0.131931 0.043977 0.351816 0.417782 0.208891 0.032983 0.109943 ] {arch}
[0.190921 0.031820 0.000000 0.000000 0.063640 0.111371 0.254562 0.079551 0.000000 0.095461 0.079551 0.095461 0.047730 0.111371 ] {square}
[0.104192 0.029769 0.000000 0.000000 0.014885 0.044654 0.312575 0.193499 0.044654 0.029769 0.089307 0.029769 0.104192 0.163730 ] {doughnut}
[0.227543 0.000000 0.085329 0.142215 0.085329 0.028443 0.085329 0.170657 0.113772 0.028443 0.000000 0.028443 0.000000 0.227543 ] {rectangle}
[0.374933 0.080343 0.026781 0.000000 0.026781 0.107124 0.321371 0.187466 0.160685 0.026781 0.000000 0.026781 0.187466 0.374933 ] {cylinder}
[0.099535 0.348371 0.049767 0.099535 0.000000 0.049767 0.099535 0.248836 0.298604 0.099535 0.049767 0.149302 0.099535 0.348371 ] {rectangle}
[0.166227 0.055409 0.033245 0.011082 0.033245 0.000000 0.410027 0.199473 0.022164 0.332455 0.443273 0.199473 0.022164 0.110818 ] {arch}
[0.282790 0.266156 0.182982 0.000000 0.033269 0.199617 0.399234 0.432503 0.049904 0.016635 0.000000 0.000000 0.016635 0.116443 ] {T-shaped}
[0.000000 0.000000 0.027461 0.064076 0.045769 0.073230 0.091537 0.915370 0.521761 0.128152 0.091537 0.292918 0.512607 0.713989 ] {triangle}
[0.139403 0.278806 0.046468 0.046468 0.000000 0.000000 0.139403 0.371742 0.232339 0.139403 0.046468 0.092935 0.092935 0.325274 ] {rectangle}
[0.113584 0.056792 0.000000 0.014198 0.042594 0.070990 0.298157 0.212969 0.000000 0.014198 0.085188 0.028396 0.085188 0.141980 ] {doughnut}
[0.135857 0.027171 0.000000 0.081514 0.027171 0.000000 0.081514 0.135857 0.054343 0.054343 0.000000 0.027171 0.000000 0.353228 ] {rectangle}
[0.352367 0.088092 0.000000 0.000000 0.000000 0.146819 0.381730 0.323003 0.117456 0.088092 0.000000 0.000000 0.088092 0.411094 ] {cylinder}
[0.141193 0.054305 0.054305 0.021722 0.043444 0.000000 0.477884 0.217220 0.021722 0.152054 0.401857 0.141193 0.010861 0.097749 ] {arch}
[0.102244 0.029213 0.000000 0.000000 0.014606 0.043819 0.335945 0.175276 0.000000 0.000000 0.043819 0.000000 0.058425 0.116850 ] {doughnut}
[0.251813 0.125906 0.062953 0.031477 0.000000 0.094430 0.283290 0.503626 0.094430 0.000000 0.031477 0.062953 0.125906 0.251813 ] {half-cylinder}
[0.000000 0.008809 0.008809 0.061664 0.052854 0.070473 0.070473 0.880908 0.502118 0.140945 0.070473 0.299509 0.493309 0.722345 ] {triangle}
[0.153872 0.043963 0.065945 0.010991 0.032972 0.000000 0.516569 0.197835 0.021982 0.351707 0.417652 0.175853 0.054954 0.142881 ] {arch}
[0.106321 0.047254 0.047254 0.035440 0.023627 0.000000 0.590672 0.448910 0.023627 0.047254 0.035440 0.035440 0.082694 0.118134 ] {rectangle}
[0.000000 0.000000 0.026986 0.062968 0.044977 0.071963 0.089954 0.899539 0.530728 0.143926 0.080959 0.323834 0.521733 0.755613 ] {triangle}
[0.165978 0.033196 0.000000 0.000000 0.049793 0.049793 0.315358 0.215771 0.000000 0.000000 0.066391 0.049793 0.016598 0.481336 ] {square}
[0.435020 0.241678 0.072503 0.000000 0.169174 0.265845 0.459188 0.048336 0.000000 0.048336 0.024168 0.000000 0.072503 0.024168 ] {triangle}
[0.106180 0.030337 0.000000 0.000000 0.030337 0.045506 0.288203 0.182023 0.000000 0.000000 0.045506 0.000000 0.045506 0.106180 ] {doughnut}
[0.400137 0.080027 0.000000 0.000000 0.026676 0.133379 0.266758 0.106703 0.106703 0.026676 0.000000 0.000000 0.213406 0.400137 ] {cylinder}
[0.039994 0.039994 0.079988 0.000000 0.000000 0.119982 0.199970 0.119982 0.079988 0.000000 0.159976 0.159976 0.119982 0.479928 ] {rectangle}
[0.154212 0.033045 0.055076 0.011015 0.033045 0.000000 0.495680 0.198272 0.022030 0.330453 0.418574 0.176242 0.044060 0.110151 ] {arch}
[0.481116 0.240558 0.131213 0.000000 0.065607 0.262427 0.437378 0.153082 0.021869 0.000000 0.021869 0.000000 0.000000 0.109345 ] {triangle}
[0.171886 0.036833 0.000000 0.061388 0.049110 0.012278 0.049110 0.527936 0.417438 0.073665 0.000000 0.012278 0.540214 0.577046 ] {T-shaped}
[0.087756 0.029252 0.000000 0.000000 0.058504 0.058504 0.160886 0.160886 0.014626 0.000000 0.029252 0.000000 0.058504 0.117008 ] {doughnut}
[0.167004 0.047715 0.047715 0.071573 0.000000 0.095431 0.262435 0.214719 0.000000 0.095431 0.310150 0.143146 0.000000 0.071573 ] {arch}
[0.056178 0.000000 0.000000 0.028089 0.056178 0.056178 0.084267 0.112356 0.084267 0.000000 0.000000 0.000000 0.084267 0.393245 ] {rectangle}
[0.000000 0.000000 0.026518 0.061875 0.044197 0.061875 0.088393 0.883932 0.486163 0.141429 0.088393 0.318216 0.512681 0.724825 ] {triangle}
[0.153840 0.043954 0.065931 0.021977 0.043954 0.000000 0.527450 0.219771 0.021977 0.329656 0.417565 0.175817 0.021977 0.109885 ] {arch}
[0.000000 0.000000 0.027005 0.063011 0.045008 0.063011 0.090015 0.900155 0.531091 0.144025 0.090015 0.306053 0.522090 0.738127 ] {triangle}
[0.456315 0.228158 0.022816 0.000000 0.159710 0.250974 0.410684 0.136895 0.000000 0.045632 0.000000 0.000000 0.045632 0.091263 ] {triangle}
[0.060544 0.000000 0.000000 0.060544 0.060544 0.030272 0.151361 0.121088 0.060544 0.000000 0.000000 0.000000 0.030272 0.181633 ] {rectangle}
[0.202045 0.025256 0.025256 0.050511 0.000000 0.075767 0.277812 0.101023 0.000000 0.126278 0.353579 0.151534 0.000000 0.126278 ] {arch}
[0.037490 0.000000 0.037490 0.000000 0.037490 0.074981 0.224942 0.187451 0.149961 0.037490 0.149961 0.262432 0.149961 0.374903 ] {rectangle}
[0.123433 0.000000 0.000000 0.061717 0.092575 0.061717 0.216008 0.092575 0.000000 0.154291 0.061717 0.030858 0.061717 0.401157 ] {rectangle}
[0.154236 0.055084 0.033051 0.011017 0.033051 0.000000 0.429658 0.286438 0.022034 0.330506 0.451691 0.209320 0.033051 0.099152 ] {arch}
[0.085357 0.000000 0.042679 0.000000 0.042679 0.085357 0.213393 0.085357 0.000000 0.000000 0.042679 0.128036 0.042679 0.170715 ] {rectangle}
[0.000000 0.009120 0.027359 0.063837 0.054717 0.072956 0.100315 0.911951 0.519812 0.109434 0.072956 0.310063 0.510693 0.747800 ] {triangle}
[0.139813 0.052430 0.000000 0.000000 0.052430 0.017477 0.244672 0.122336 0.000000 0.069906 0.052430 0.017477 0.000000 0.122336 ] {square}
[0.084777 0.024222 0.048444 0.024222 0.024222 0.024222 0.290665 0.060555 0.036333 0.000000 0.012111 0.048444 0.072666 0.048444 ] {rectangle}
[0.050486 0.100973 0.126216 0.025243 0.025243 0.100973 0.151459 0.429133 0.050486 0.050486 0.000000 0.025243 0.126216 0.100973 ] {rectangle}
[0.131576 0.014620 0.014620 0.000000 0.014620 0.000000 0.307010 0.116956 0.000000 0.000000 0.014620 0.014620 0.014620 0.073098 ] {doughnut}
[0.154373 0.044107 0.055133 0.011027 0.033080 0.000000 0.518254 0.220534 0.022053 0.286694 0.441067 0.176427 0.033080 0.121293 ] {arch}
[0.000000 0.000000 0.026803 0.071475 0.053607 0.080410 0.098279 0.875574 0.482459 0.134016 0.071475 0.303770 0.491393 0.705819 ] {triangle}
[0.241865 0.034552 0.000000 0.000000 0.069104 0.069104 0.224589 0.120932 0.000000 0.000000 0.051828 0.034552 0.000000 0.431901 ] {square}
[0.526188 0.251655 0.022878 0.000000 0.137267 0.274533 0.457555 0.114389 0.022878 0.045756 0.000000 0.000000 0.045756 0.114389 ] {triangle}
[0.367449 0.084796 0.000000 0.113061 0.113061 0.113061 0.169592 0.282653 0.197857 0.084796 0.084796 0.028265 0.028265 0.565306 ] {half-cylinder}
[0.089247 0.000000 0.000000 0.089247 0.059498 0.029749 0.118997 0.118997 0.000000 0.029749 0.000000 0.029749 0.000000 0.237993 ] {rectangle}
[0.042786 0.000000 0.085573 0.042786 0.085573 0.128359 0.213932 0.085573 0.000000 0.000000 0.000000 0.128359 0.085573 0.213932 ] {rectangle}
[0.215544 0.129327 0.064663 0.000000 0.064663 0.150881 0.258653 0.215544 0.000000 0.043109 0.086218 0.064663 0.129327 0.107772 ] {arch}
[0.360278 0.000000 0.013344 0.000000 0.040031 0.026687 0.066718 0.173467 0.053375 0.040031 0.053375 0.000000 0.013344 0.080062 ] {doughnut}
[0.489097 0.452415 0.000000 0.000000 0.379050 0.354595 0.489097 0.134502 0.000000 0.000000 0.012227 0.048910 0.048910 0.158957 ] {T-shaped}
[0.286143 0.033664 0.000000 0.000000 0.050496 0.050496 0.185151 0.134656 0.000000 0.033664 0.050496 0.016832 0.000000 0.201983 ] {square}
[0.131173 0.065586 0.043724 0.021862 0.043724 0.021862 0.502828 0.196759 0.021862 0.338862 0.437242 0.174897 0.032793 0.120241 ] {arch}
[0.662949 0.245537 0.049107 0.024554 0.171876 0.270090 0.515627 0.073661 0.000000 0.000000 0.000000 0.000000 0.000000 0.049107 ] {triangle}
[0.227111 0.068133 0.022711 0.000000 0.045422 0.181689 0.317956 0.204400 0.000000 0.022711 0.045422 0.068133 0.090845 0.204400 ] {arch}
[0.072273 0.036137 0.072273 0.036137 0.072273 0.144546 0.180683 0.180683 0.144546 0.036137 0.180683 0.252956 0.216819 0.252956 ] {rectangle}
[0.000000 0.000000 0.026956 0.062897 0.044927 0.071883 0.089854 0.880565 0.494195 0.134780 0.071883 0.305502 0.503180 0.736799 ] {triangle}
[0.126104 0.000000 0.000000 0.063052 0.094578 0.063052 0.220682 0.063052 0.000000 0.063052 0.031526 0.000000 0.000000 0.378312 ] {rectangle}
[0.065557 0.000000 0.039334 0.013111 0.026223 0.013111 0.078669 0.026223 0.013111 0.000000 0.000000 0.013111 0.000000 0.144226 ] {rectangle}
[0.142826 0.028565 0.028565 0.000000 0.028565 0.000000 0.071413 0.128543 0.014283 0.000000 0.014283 0.014283 0.000000 0.057130 ] {doughnut}
[0.507775 0.444303 0.000000 0.000000 0.380831 0.368137 0.507775 0.114249 0.025389 0.038083 0.063472 0.050777 0.063472 0.152332 ] {T-shaped}
[0.124026 0.000000 0.024805 0.024805 0.099221 0.024805 0.148831 0.049610 0.024805 0.000000 0.000000 0.024805 0.000000 0.198442 ] {rectangle}
[0.235901 0.015727 0.000000 0.000000 0.047180 0.062907 0.235901 0.172994 0.062907 0.062907 0.031454 0.031454 0.015727 0.440349 ] {square}
[0.142311 0.000000 0.047437 0.023719 0.000000 0.023719 0.023719 0.166030 0.094874 0.023719 0.142311 0.023719 0.000000 0.308341 ] {rectangle}
[0.582111 0.246278 0.089556 0.000000 0.111944 0.268667 0.470167 0.134333 0.022389 0.022389 0.000000 0.000000 0.044778 0.134333 ] {triangle}
[0.121988 0.033269 0.055449 0.011090 0.033269 0.000000 0.321605 0.199617 0.022180 0.332695 0.421414 0.177437 0.022180 0.088719 ] {arch}
[0.113654 0.037885 0.075770 0.000000 0.075770 0.151539 0.189424 0.189424 0.113654 0.000000 0.189424 0.227309 0.151539 0.454618 ] {rectangle}
[0.249679 0.104033 0.000000 0.000000 0.104033 0.104033 0.332905 0.249679 0.083226 0.000000 0.104033 0.062420 0.145646 0.270485 ] {arch}
[0.238972 0.051208 0.000000 0.000000 0.051208 0.051208 0.273111 0.221902 0.000000 0.017069 0.034139 0.017069 0.000000 0.136555 ] {square}
[0.433233 0.240685 0.048137 0.024069 0.168480 0.264754 0.433233 0.048137 0.000000 0.072206 0.024069 0.000000 0.024069 0.048137 ] {triangle}
[0.153971 0.043992 0.087983 0.043992 0.032994 0.000000 0.516902 0.274948 0.043992 0.351933 0.417921 0.197962 0.032994 0.098981 ] {arch}
[0.240751 0.024075 0.024075 0.000000 0.024075 0.000000 0.024075 0.216676 0.096301 0.072225 0.144451 0.024075 0.048150 0.312977 ] {rectangle}
[0.021842 0.087368 0.087368 0.043684 0.000000 0.065526 0.218420 0.305788 0.109210 0.065526 0.000000 0.000000 0.131052 0.458683 ] {rectangle}
[0.122311 0.040770 0.122311 0.040770 0.122311 0.163082 0.203852 0.000000 0.000000 0.000000 0.000000 0.040770 0.081541 0.244623 ] {rectangle}
[0.223491 0.089397 0.022349 0.000000 0.067047 0.178793 0.312888 0.178793 0.000000 0.000000 0.044698 0.067047 0.067047 0.290539 ] {arch}
[0.000000 0.008460 0.025381 0.025381 0.008460 0.025381 0.008460 0.837586 0.533009 0.228433 0.000000 0.287656 0.575312 0.846046 ] {triangle}
[0.140380 0.012762 0.025524 0.025524 0.051047 0.038285 0.140380 0.051047 0.012762 0.012762 0.000000 0.051047 0.025524 0.191427 ] {rectangle}
[0.371645 0.000000 0.013765 0.000000 0.041294 0.041294 0.055059 0.178940 0.041294 0.055059 0.041294 0.000000 0.013765 0.068823 ] {doughnut}
[0.132188 0.044063 0.055079 0.011016 0.011016 0.000000 0.297424 0.286408 0.022031 0.330471 0.418597 0.176251 0.033047 0.099141 ] {arch}
[0.218884 0.033674 0.000000 0.000000 0.050512 0.050512 0.235721 0.117861 0.000000 0.000000 0.033674 0.016837 0.000000 0.471442 ] {square}
[0.284674 0.000000 0.000000 0.023723 0.000000 0.000000 0.047446 0.260951 0.094891 0.071168 0.142337 0.023723 0.047446 0.308397 ] {rectangle}
[0.086413 0.000000 0.037034 0.000000 0.074069 0.061724 0.098758 0.000000 0.000000 0.000000 0.000000 0.024690 0.012345 0.148137 ] {rectangle}
[0.477018 0.012553 0.000000 0.025106 0.100425 0.112978 0.175743 0.213403 0.087872 0.075319 0.050212 0.000000 0.000000 0.602549 ] {doughnut}
[0.160921 0.080460 0.120691 0.080460 0.120691 0.160921 0.201151 0.080460 0.040230 0.000000 0.040230 0.160921 0.120691 0.241381 ] {rectangle}
[0.216320 0.086528 0.086528 0.000000 0.000000 0.108160 0.151424 0.324480 0.108160 0.064896 0.021632 0.000000 0.129792 0.562431 ] {arch}
[0.258853 0.107855 0.021571 0.000000 0.064713 0.150998 0.366709 0.194140 0.000000 0.043142 0.043142 0.021571 0.150998 0.172569 ] {arch}
[0.461599 0.400862 0.012147 0.000000 0.352273 0.364420 0.534483 0.109326 0.000000 0.012147 0.024295 0.048589 0.060737 0.145768 ] {T-shaped}
[0.170598 0.051179 0.000000 0.000000 0.017060 0.034120 0.255896 0.187657 0.000000 0.000000 0.051179 0.017060 0.034120 0.255896 ] {square}
[0.165946 0.047413 0.023707 0.000000 0.047413 0.023707 0.071120 0.189653 0.071120 0.071120 0.142239 0.023707 0.071120 0.237066 ] {rectangle}
[0.119463 0.000000 0.039821 0.000000 0.039821 0.079642 0.159284 0.119463 0.079642 0.000000 0.119463 0.199104 0.119463 0.238925 ] {rectangle}
[0.317234 0.113298 0.045319 0.022660 0.045319 0.181277 0.339894 0.181277 0.000000 0.000000 0.000000 0.090638 0.067979 0.203936 ] {arch}
[0.180291 0.000000 0.000000 0.000000 0.000000 0.013869 0.041606 0.166422 0.083211 0.041606 0.055474 0.013869 0.027737 0.110948 ] {doughnut}
[0.551390 0.474452 0.000000 0.000000 0.384691 0.359045 0.525744 0.256460 0.038469 0.025646 0.051292 0.051292 0.064115 0.141053 ] {T-shaped}
[0.281220 0.108161 0.086529 0.043265 0.021632 0.108161 0.216323 0.389381 0.173058 0.064897 0.021632 0.000000 0.129794 0.432646 ] {rectangle}
[0.000000 0.022831 0.022831 0.136987 0.114156 0.205480 0.251142 0.456623 0.091325 0.000000 0.182649 0.273974 0.410960 0.547947 ] {triangle}
[0.327020 0.015572 0.000000 0.000000 0.062289 0.062289 0.342592 0.109007 0.062289 0.093434 0.046717 0.046717 0.046717 0.467171 ] {square}
[0.227771 0.000000 0.000000 0.022777 0.045554 0.000000 0.022777 0.182217 0.182217 0.113885 0.182217 0.068331 0.091108 0.250548 ] {triangle}
[0.368848 0.065091 0.000000 0.000000 0.000000 0.043394 0.303757 0.130182 0.086788 0.043394 0.065091 0.151879 0.108485 0.108485 ] {rectangle}
[0.163929 0.000000 0.081964 0.000000 0.122947 0.163929 0.122947 0.040982 0.000000 0.000000 0.000000 0.122947 0.081964 0.245893 ] {rectangle}
[0.189888 0.000000 0.000000 0.047472 0.047472 0.063296 0.126592 0.142416 0.126592 0.047472 0.063296 0.031648 0.031648 0.300657 ] {rectangle}
[0.485919 0.037378 0.000000 0.037378 0.062297 0.099676 0.161973 0.224270 0.062297 0.074757 0.037378 0.000000 0.000000 0.423622 ] {doughnut}
[0.318830 0.119561 0.000000 0.039854 0.119561 0.159415 0.498173 0.278977 0.039854 0.039854 0.119561 0.079708 0.159415 0.239123 ] {arch}
[0.481318 0.421153 0.012033 0.000000 0.373022 0.373022 0.348956 0.144395 0.036099 0.048132 0.012033 0.060165 0.072198 0.168461 ] {T-shaped}
[0.021007 0.021007 0.063022 0.084029 0.126043 0.168058 0.252087 0.420145 0.126043 0.000000 0.126043 0.210072 0.399137 0.546188 ] {arch}
[0.185421 0.033713 0.000000 0.000000 0.067426 0.033713 0.219134 0.235990 0.000000 0.033713 0.016856 0.033713 0.016856 0.151708 ] {square}
[0.286263 0.000000 0.047711 0.000000 0.047711 0.023855 0.047711 0.310119 0.095421 0.071566 0.095421 0.071566 0.047711 0.310119 ] {rectangle}
[0.118494 0.000000 0.078996 0.000000 0.039498 0.078996 0.118494 0.197489 0.078996 0.000000 0.078996 0.236987 0.197489 0.315983 ] {rectangle}
[0.237724 0.086445 0.086445 0.043223 0.000000 0.108056 0.194501 0.302558 0.129668 0.064834 0.021611 0.000000 0.129668 0.345780 ] {rectangle}
[0.247433 0.112470 0.067482 0.022494 0.000000 0.179951 0.314915 0.179951 0.000000 0.000000 0.022494 0.044988 0.022494 0.224939 ] {arch}
[0.310642 0.000000 0.000000 0.023896 0.000000 0.000000 0.000000 0.238955 0.095582 0.023896 0.143373 0.023896 0.047791 0.262851 ] {rectangle}
[0.118335 0.029584 0.029584 0.000000 0.000000 0.000000 0.059168 0.650843 0.295838 0.177503 0.000000 0.029584 0.236670 0.532508 ] {triangle}
[0.206321 0.000000 0.000000 0.000000 0.031742 0.031742 0.095225 0.174579 0.126966 0.111096 0.031742 0.047612 0.000000 0.317416 ] {rectangle}
[0.393981 0.276851 0.085185 0.000000 0.095833 0.234259 0.362036 0.468517 0.298147 0.170370 0.000000 0.074537 0.276851 0.436573 ] {doughnut}
[0.021118 0.063355 0.063355 0.126711 0.147829 0.190066 0.232303 0.675790 0.168947 0.000000 0.126711 0.274540 0.422369 0.527961 ] {triangle}
[0.034066 0.000000 0.056777 0.090843 0.079488 0.136265 0.317951 0.681324 0.193042 0.011355 0.090843 0.227108 0.340662 0.522348 ] {triangle}
[0.364130 0.013486 0.283212 0.418075 0.310185 0.040459 0.080918 0.134863 0.000000 0.013486 0.053945 0.067431 0.026973 0.040459 ] {arch}
[0.000000 0.022606 0.045212 0.090424 0.158242 0.158242 0.248666 0.813816 0.203454 0.000000 0.203454 0.226060 0.384302 0.542544 ] {triangle}
[0.493499 0.456486 0.000000 0.000000 0.333112 0.394799 0.481161 0.172725 0.000000 0.024675 0.037012 0.049350 0.086362 0.111037 ] {T-shaped}
[0.237864 0.108120 0.086496 0.043248 0.000000 0.108120 0.172992 0.345984 0.129744 0.064872 0.021624 0.000000 0.129744 0.237864 ] {rectangle}
[0.403377 0.047456 0.000000 0.047456 0.094912 0.166096 0.284737 0.094912 0.023728 0.000000 0.000000 0.071184 0.237280 0.379649 ] {arch}
[0.390247 0.249324 0.065041 0.000000 0.086722 0.216804 0.379407 0.444448 0.303525 0.130082 0.000000 0.086722 0.281845 0.433608 ] {doughnut}
[0.503201 0.503201 0.000000 0.000000 0.327081 0.402561 0.452881 0.264180 0.000000 0.025160 0.025160 0.062900 0.075480 0.113220 ] {T-shaped}
[0.194083 0.086259 0.064694 0.043129 0.000000 0.129388 0.194083 0.345036 0.150953 0.086259 0.021565 0.000000 0.086259 0.388165 ] {rectangle}
[0.136464 0.000000 0.000000 0.051174 0.000000 0.000000 0.068232 0.119406 0.000000 0.000000 0.017058 0.017058 0.000000 0.068232 ] {square}
[0.203036 0.087015 0.058010 0.087015 0.000000 0.000000 0.087015 0.609108 0.377067 0.261046 0.145026 0.000000 0.232041 0.609108 ] {triangle}
[0.449907 0.000000 0.000000 0.047359 0.094717 0.165755 0.284152 0.094717 0.023679 0.000000 0.000000 0.071038 0.142076 0.355190 ] {arch}
[0.034274 0.000000 0.045698 0.057123 0.068548 0.125671 0.308464 0.651202 0.228492 0.011425 0.091397 0.239917 0.354163 0.559805 ] {triangle}
[0.387740 0.000000 0.294148 0.427851 0.320888 0.053481 0.093592 0.120333 0.000000 0.013370 0.000000 0.013370 0.026741 0.013370 ] {arch}
[0.408641 0.290350 0.064522 0.000000 0.075276 0.204320 0.365626 0.430148 0.290350 0.129044 0.000000 0.053769 0.268843 0.440902 ] {arch}
[0.366445 0.013087 0.301008 0.431881 0.327183 0.065437 0.091611 0.104698 0.000000 0.013087 0.026175 0.039262 0.026175 0.039262 ] {arch}
[0.170519 0.056840 0.028420 0.000000 0.000000 0.000000 0.170519 0.255778 0.056840 0.056840 0.056840 0.142099 0.000000 0.028420 ] {rectangle}
[0.260258 0.086753 0.086753 0.043376 0.021688 0.108441 0.195193 0.303634 0.108441 0.065064 0.021688 0.000000 0.086753 0.390387 ] {rectangle}
[0.367426 0.167012 0.000000 0.033402 0.200414 0.267219 0.567840 0.100207 0.000000 0.000000 0.133609 0.033402 0.100207 0.233817 ] {triangle}
[0.093525 0.000000 0.018705 0.037410 0.056115 0.037410 0.130936 0.187051 0.056115 0.000000 0.018705 0.000000 0.056115 0.187051 ] {square}
[0.378680 0.023667 0.000000 0.000000 0.071002 0.094670 0.236675 0.118337 0.023667 0.047335 0.000000 0.000000 0.118337 0.378680 ] {arch}
[0.086910 0.024831 0.024831 0.024831 0.000000 0.024831 0.509042 0.248313 0.000000 0.000000 0.037247 0.086910 0.062078 0.148988 ] {rectangle}
[0.405463 0.273962 0.065751 0.000000 0.076709 0.241086 0.383546 0.405463 0.273962 0.131502 0.000000 0.065751 0.252045 0.427380 ] {doughnut}
[0.066642 0.066642 0.000000 0.099964 0.000000 0.133285 0.099964 0.000000 0.099964 0.000000 0.199927 0.166606 0.133285 0.199927 ] {rectangle}
[0.121850 0.073110 0.024370 0.024370 0.048740 0.000000 0.000000 0.560508 0.487398 0.194959 0.048740 0.000000 0.268069 0.682358 ] {triangle}
[0.088451 0.044226 0.022113 0.022113 0.022113 0.000000 0.375918 0.243241 0.022113 0.022113 0.044226 0.044226 0.022113 0.199015 ] {rectangle}
[0.043382 0.086763 0.043382 0.000000 0.021691 0.065072 0.151835 0.347053 0.108454 0.065072 0.021691 0.043382 0.130145 0.520579 ] {rectangle}
[0.015926 0.023889 0.023889 0.055741 0.071666 0.087592 0.111481 0.828145 0.517591 0.119444 0.071666 0.302592 0.549443 0.780368 ] {triangle}
[0.000000 0.000000 0.040436 0.080872 0.101091 0.161745 0.283054 0.646979 0.060654 0.020218 0.121309 0.242617 0.363926 0.485235 ] {triangle}
[0.109707 0.062690 0.062690 0.047017 0.000000 0.000000 0.407484 0.454502 0.031345 0.015672 0.000000 0.047017 0.031345 0.094035 ] {square}
[0.396522 0.000000 0.000000 0.069974 0.116624 0.186599 0.279898 0.116624 0.046650 0.000000 0.000000 0.069974 0.139949 0.419847 ] {arch}
[0.393386 0.269159 0.093170 0.000000 0.062114 0.207045 0.414090 0.476204 0.341625 0.144932 0.010352 0.072466 0.279511 0.434795 ] {doughnut}
[0.081103 0.023172 0.034758 0.011586 0.011586 0.011586 0.498204 0.196964 0.000000 0.011586 0.011586 0.057931 0.081103 0.150620 ] {rectangle}
[0.123665 0.074199 0.049466 0.024733 0.024733 0.000000 0.247331 0.272064 0.049466 0.049466 0.024733 0.074199 0.049466 0.123665 ] {rectangle}
[0.227183 0.056796 0.056796 0.028398 0.000000 0.000000 0.085194 0.482765 0.340775 0.198785 0.000000 0.000000 0.198785 0.596356 ] {triangle}
[0.021195 0.000000 0.042391 0.084782 0.148368 0.169563 0.275540 0.339126 0.042391 0.042391 0.127172 0.233149 0.317931 0.423908 ] {triangle}
[0.024116 0.024116 0.032155 0.064310 0.048233 0.080388 0.104504 0.844074 0.522522 0.144698 0.040194 0.273319 0.538600 0.787803 ] {triangle}
[0.116641 0.000000 0.016663 0.016663 0.000000 0.000000 0.099978 0.166630 0.000000 0.016663 0.016663 0.016663 0.033326 0.049989 ] {square}
[0.429923 0.000000 0.000000 0.071654 0.095539 0.238846 0.310500 0.095539 0.023885 0.000000 0.000000 0.095539 0.214962 0.621000 ] {arch}
[0.238385 0.108357 0.086685 0.043343 0.021671 0.195042 0.216713 0.303399 0.130028 0.065014 0.021671 0.043343 0.130028 0.411755 ] {rectangle}
[0.098454 0.049227 0.036920 0.012307 0.012307 0.036920 0.541499 0.209216 0.000000 0.000000 0.024614 0.061534 0.061534 0.147682 ] {rectangle}
[0.394126 0.266301 0.095869 0.000000 0.085216 0.234345 0.372822 0.447386 0.308910 0.138477 0.021304 0.053260 0.266301 0.436734 ] {doughnut}
[0.126155 0.050462 0.050462 0.025231 0.025231 0.000000 0.403696 0.227079 0.000000 0.000000 0.000000 0.075693 0.000000 0.100924 ] {rectangle}
[0.024277 0.024277 0.032370 0.048555 0.056647 0.080925 0.097110 0.849709 0.542195 0.137572 0.056647 0.291329 0.534103 0.784969 ] {triangle}
[0.253052 0.140585 0.056234 0.028117 0.000000 0.000000 0.112468 0.562339 0.309286 0.168702 0.084351 0.000000 0.224935 0.590456 ] {triangle}
[0.117178 0.000000 0.050219 0.050219 0.066959 0.066959 0.083699 0.133918 0.033479 0.016740 0.000000 0.000000 0.016740 0.535672 ] {square}
[0.457475 0.000000 0.000000 0.048155 0.120388 0.144466 0.264854 0.072233 0.048155 0.024078 0.000000 0.072233 0.144466 0.361164 ] {arch}
[0.381230 0.264743 0.074128 0.000000 0.063538 0.211794 0.391819 0.508306 0.328281 0.137666 0.000000 0.074128 0.264743 0.423589 ] {doughnut}
[0.093193 0.034948 0.046597 0.034948 0.011649 0.034948 0.489265 0.372773 0.023298 0.023298 0.023298 0.104843 0.081544 0.174738 ] {rectangle}
[0.377434 0.000000 0.055916 0.307539 0.251623 0.055916 0.139790 0.223664 0.027958 0.055916 0.027958 0.000000 0.069895 0.237644 ] {arch}
[0.560834 0.463297 0.060960 0.012192 0.231649 0.451105 0.573026 0.146304 0.000000 0.000000 0.036576 0.060960 0.073152 0.121920 ] {T-shaped}
[0.016312 0.008156 0.040780 0.032624 0.040780 0.065248 0.081560 0.856385 0.546455 0.146809 0.048936 0.293618 0.546455 0.782980 ] {triangle}
[0.680973 0.468169 0.170243 0.000000 0.170243 0.425608 0.744814 0.106402 0.042561 0.021280 0.000000 0.000000 0.106402 0.085122 ] {triangle}
[0.077590 0.077590 0.051727 0.000000 0.025863 0.000000 0.258634 0.077590 0.051727 0.000000 0.025863 0.077590 0.000000 0.051727 ] {rectangle}
[0.291902 0.112270 0.089816 0.044908 0.000000 0.202086 0.224540 0.336809 0.089816 0.044908 0.000000 0.000000 0.089816 0.314356 ] {rectangle}
[0.406436 0.000000 0.000000 0.047816 0.119540 0.143448 0.262988 0.191264 0.071724 0.000000 0.000000 0.047816 0.167356 0.358620 ] {arch}
[0.157592 0.000000 0.035020 0.035020 0.017510 0.017510 0.070041 0.140082 0.000000 0.017510 0.000000 0.035020 0.000000 0.087551 ] {square}
[0.096504 0.036189 0.060315 0.024126 0.024126 0.048252 0.506648 0.253324 0.000000 0.024126 0.036189 0.096504 0.048252 0.132694 ] {rectangle}
[0.449655 0.274180 0.076770 0.000000 0.098705 0.208377 0.383852 0.416754 0.263213 0.153541 0.010967 0.043869 0.252246 0.438688 ] {doughnut}
[0.116142 0.069685 0.046457 0.023228 0.023228 0.046457 0.162599 0.139371 0.092914 0.023228 0.023228 0.092914 0.023228 0.092914 ] {rectangle}
[0.000000 0.008216 0.032863 0.032863 0.041079 0.073942 0.082158 0.854445 0.542244 0.139669 0.049295 0.287554 0.525812 0.772287 ] {triangle}
[0.131033 0.059561 0.035736 0.023824 0.023824 0.000000 0.536045 0.190594 0.000000 0.000000 0.023824 0.035736 0.059561 0.119121 ] {rectangle}
[0.178442 0.029740 0.029740 0.000000 0.000000 0.000000 0.000000 0.594808 0.297404 0.208183 0.000000 0.059481 0.208183 0.624548 ] {triangle}
[0.385665 0.000000 0.057136 0.285678 0.257110 0.028568 0.142839 0.199975 0.000000 0.014284 0.042852 0.014284 0.042852 0.214258 ] {arch}
[0.446066 0.233171 0.091241 0.000000 0.121654 0.202757 0.375101 0.405514 0.293998 0.121654 0.010138 0.030414 0.233171 0.435928 ] {doughnut}
[0.258162 0.107567 0.086054 0.043027 0.000000 0.172108 0.172108 0.322702 0.150594 0.086054 0.021513 0.021513 0.129081 0.451783 ] {rectangle}
[0.171106 0.000000 0.051332 0.034221 0.034221 0.051332 0.171106 0.119774 0.000000 0.000000 0.017111 0.000000 0.017111 0.273770 ] {square}
[0.428656 0.000000 0.000000 0.071443 0.119071 0.190514 0.285771 0.095257 0.071443 0.000000 0.000000 0.047628 0.142885 0.428656 ] {arch}
[0.490098 0.298321 0.021309 0.021309 0.095889 0.213086 0.266358 0.362247 0.245049 0.170469 0.074580 0.000000 0.191778 0.500753 ] {doughnut}
[0.228345 0.028543 0.000000 0.014272 0.042815 0.014272 0.156987 0.156987 0.042815 0.271159 0.299702 0.099901 0.000000 0.371060 ] {arch}
[0.103526 0.062116 0.041411 0.000000 0.020705 0.020705 0.186348 0.227758 0.062116 0.082821 0.124232 0.000000 0.020705 0.248463 ] {rectangle}
[0.665269 0.463672 0.100798 0.000000 0.221756 0.403193 0.725748 0.080639 0.000000 0.000000 0.000000 0.040319 0.020160 0.060479 ] {triangle}
[0.016362 0.016362 0.032723 0.040904 0.049085 0.081808 0.106351 0.850806 0.499030 0.130893 0.065447 0.302690 0.548115 0.785359 ] {triangle}
[0.110145 0.031470 0.062940 0.047205 0.000000 0.000000 0.393373 0.424843 0.000000 0.000000 0.000000 0.031470 0.015735 0.094410 ] {square}
[0.288042 0.123447 0.102872 0.082298 0.020574 0.123447 0.205744 0.308617 0.164595 0.061723 0.020574 0.000000 0.144021 0.452638 ] {rectangle}
[0.374632 0.000000 0.000000 0.070244 0.117073 0.210731 0.304389 0.117073 0.023415 0.000000 0.000000 0.093658 0.093658 0.398047 ] {arch}
[0.219009 0.000000 0.000000 0.027376 0.000000 0.000000 0.027376 0.574898 0.301137 0.219009 0.027376 0.027376 0.328513 0.629650 ] {triangle}
[0.200086 0.066695 0.000000 0.200086 0.133390 0.233433 0.200086 0.033348 0.133390 0.000000 0.333476 0.133390 0.100043 0.166738 ] {rectangle}
[0.256763 0.081083 0.054055 0.027028 0.027028 0.000000 0.148652 0.162166 0.013514 0.256763 0.256763 0.040542 0.000000 0.243249 ] {arch}
[0.112583 0.067550 0.045033 0.045033 0.022517 0.022517 0.247684 0.112583 0.022517 0.045033 0.045033 0.022517 0.022517 0.180134 ] {rectangle}
[0.201042 0.150782 0.075391 0.075391 0.075391 0.000000 0.025130 0.603127 0.376955 0.276433 0.075391 0.000000 0.075391 0.577997 ] {rectangle}
[0.711556 0.406603 0.101651 0.000000 0.223632 0.406603 0.731886 0.081321 0.020330 0.020330 0.000000 0.020330 0.081321 0.101651 ] {triangle}
[0.437072 0.238403 0.059601 0.000000 0.089401 0.228470 0.337738 0.407272 0.268203 0.178802 0.059601 0.009933 0.218536 0.496673 ] {doughnut}
[0.117205 0.000000 0.033487 0.033487 0.000000 0.000000 0.251154 0.184180 0.000000 0.000000 0.000000 0.000000 0.050231 0.083718 ] {square}
[0.024211 0.016141 0.032282 0.040352 0.056493 0.088775 0.096846 0.815118 0.508440 0.104916 0.056493 0.266326 0.548793 0.726343 ] {triangle}
[0.195678 0.086968 0.065226 0.043484 0.000000 0.130452 0.195678 0.282646 0.152194 0.086968 0.021742 0.000000 0.152194 0.347872 ] {rectangle}
[0.421834 0.000000 0.000000 0.070306 0.117176 0.187482 0.304658 0.117176 0.023435 0.000000 0.046870 0.093741 0.093741 0.398398 ] {arch}
[0.113181 0.033954 0.045272 0.011318 0.000000 0.000000 0.531950 0.226362 0.000000 0.045272 0.045272 0.090545 0.101863 0.169771 ] {rectangle}
[0.493269 0.274038 0.021923 0.032885 0.076731 0.219231 0.295962 0.339808 0.241154 0.164423 0.043846 0.000000 0.175385 0.482308 ] {doughnut}
[0.119004 0.047602 0.047602 0.023801 0.000000 0.000000 0.166606 0.166606 0.071403 0.000000 0.071403 0.023801 0.000000 0.023801 ] {rectangle}
[0.095055 0.047528 0.047528 0.023764 0.011882 0.023764 0.546566 0.308929 0.023764 0.011882 0.047528 0.071291 0.083173 0.142583 ] {rectangle}
[0.426442 0.000000 0.058820 0.323508 0.264688 0.029410 0.147049 0.235278 0.000000 0.014705 0.044115 0.000000 0.014705 0.191164 ] {arch}
[0.681608 0.468606 0.170402 0.000000 0.170402 0.426005 0.788110 0.063901 0.042601 0.021300 0.000000 0.000000 0.063901 0.000000 ] {triangle}
[0.008289 0.016579 0.033158 0.041447 0.049737 0.082894 0.099473 0.828942 0.489076 0.099473 0.058026 0.298419 0.547102 0.779205 ] {triangle}
[0.175938 0.000000 0.000000 0.017594 0.052781 0.000000 0.123156 0.140750 0.017594 0.035188 0.000000 0.017594 0.000000 0.140750 ] {square}
[0.408486 0.000000 0.000000 0.048057 0.072086 0.144172 0.216258 0.168200 0.048057 0.024029 0.000000 0.072086 0.192229 0.312372 ] {arch}
[0.290115 0.044633 0.066950 0.044633 0.000000 0.089266 0.156216 0.334748 0.111583 0.044633 0.000000 0.000000 0.111583 0.379381 ] {rectangle}
[0.385707 0.000000 0.057142 0.314280 0.257138 0.057142 0.114284 0.228567 0.000000 0.042856 0.042856 0.014285 0.014285 0.214282 ] {arch}
[0.071833 0.071833 0.047889 0.023944 0.023944 0.047889 0.167610 0.143666 0.071833 0.000000 0.047889 0.071833 0.047889 0.095777 ] {rectangle}
[0.083241 0.035675 0.035675 0.035675 0.011892 0.000000 0.511340 0.214049 0.011892 0.035675 0.023783 0.107025 0.083241 0.142700 ] {rectangle}
[0.523705 0.250942 0.010911 0.021821 0.076374 0.207300 0.272763 0.349137 0.240031 0.174568 0.032732 0.000000 0.174568 0.458242 ] {doughnut}
[0.666954 0.458531 0.166738 0.000000 0.166738 0.416846 0.812850 0.125054 0.062527 0.041685 0.020842 0.000000 0.083369 0.062527 ] {triangle}
[0.024597 0.016398 0.032796 0.032796 0.049194 0.090190 0.098389 0.852703 0.524740 0.139384 0.049194 0.286967 0.549337 0.762513 ] {triangle}
[0.121729 0.000000 0.017390 0.069559 0.000000 0.017390 0.121729 0.156509 0.017390 0.017390 0.000000 0.000000 0.017390 0.295627 ] {square}
[0.571649 0.437859 0.000000 0.121628 0.450022 0.389208 0.413534 0.206767 0.012163 0.000000 0.024326 0.072977 0.231092 0.218930 ] {T-shaped}
[0.376275 0.000000 0.000000 0.070552 0.094069 0.188137 0.258689 0.117586 0.070552 0.000000 0.000000 0.117586 0.164620 0.611447 ] {arch}
[0.302074 0.064730 0.064730 0.043153 0.000000 0.172613 0.237344 0.323650 0.151037 0.086307 0.000000 0.043153 0.151037 0.409957 ] {rectangle}
[0.439415 0.261556 0.031387 0.010462 0.083698 0.219707 0.313868 0.387103 0.251094 0.136009 0.052311 0.000000 0.177858 0.460339 ] {doughnut}
[0.016250 0.016250 0.024374 0.040624 0.048749 0.081248 0.089373 0.836855 0.503738 0.121872 0.056874 0.284368 0.552487 0.771857 ] {triangle}
[0.126325 0.045936 0.057421 0.034452 0.011484 0.000000 0.528270 0.149294 0.000000 0.000000 0.000000 0.068905 0.091873 0.149294 ] {rectangle}
[0.722469 0.412839 0.123852 0.000000 0.165136 0.412839 0.743111 0.061926 0.000000 0.000000 0.000000 0.000000 0.061926 0.061926 ] {triangle}
[0.148685 0.000000 0.000000 0.000000 0.016521 0.000000 0.049562 0.165205 0.049562 0.066082 0.016521 0.033041 0.000000 0.082603 ] {square}
[0.250034 0.083345 0.062508 0.041672 0.000000 0.125017 0.187525 0.312542 0.125017 0.083345 0.000000 0.041672 0.145853 0.333378 ] {rectangle}
[0.185193 0.026456 0.026456 0.000000 0.000000 0.000000 0.052912 0.634948 0.396843 0.238106 0.052912 0.026456 0.317474 0.661404 ] {triangle}
[0.226623 0.000000 0.000000 0.014164 0.070820 0.000000 0.212459 0.099147 0.070820 0.240787 0.297442 0.070820 0.000000 0.339934 ] {arch}
[0.385266 0.000000 0.028538 0.285382 0.256844 0.085615 0.142691 0.142691 0.000000 0.042807 0.042807 0.014269 0.042807 0.214037 ] {arch}
[0.473054 0.264030 0.000000 0.033004 0.099011 0.220025 0.297034 0.308035 0.231026 0.132015 0.044005 0.000000 0.198022 0.473054 ] {doughnut}
[0.154716 0.077358 0.077358 0.000000 0.051572 0.025786 0.077358 0.206288 0.077358 0.000000 0.051572 0.025786 0.000000 0.103144 ] {rectangle}
[0.460689 0.252282 0.032906 0.010969 0.076782 0.241313 0.329064 0.361970 0.241313 0.153563 0.043875 0.000000 0.208407 0.471658 ] {doughnut}
[0.266437 0.242215 0.217994 0.121108 0.096886 0.072665 0.048443 0.581316 0.290658 0.290658 0.145329 0.072665 0.048443 0.411766 ] {triangle}
[0.148457 0.098972 0.098972 0.000000 0.123714 0.000000 0.074229 0.222686 0.074229 0.024743 0.049486 0.049486 0.000000 0.024743 ] {rectangle}
[0.357066 0.000000 0.057131 0.285653 0.257087 0.085696 0.114261 0.199957 0.000000 0.042848 0.014283 0.014283 0.042848 0.214239 ] {arch}
[0.696044 0.421845 0.126553 0.000000 0.168738 0.421845 0.717136 0.042184 0.042184 0.021092 0.000000 0.000000 0.042184 0.063277 ] {triangle}
[0.016470 0.016470 0.024704 0.049409 0.041174 0.082348 0.098817 0.831712 0.543495 0.139991 0.049409 0.288217 0.551730 0.782304 ] {triangle}
[0.133184 0.000000 0.049944 0.016648 0.000000 0.000000 0.066592 0.166480 0.000000 0.049944 0.000000 0.033296 0.000000 0.049944 ] {square}
[0.523389 0.186094 0.034893 0.023262 0.093047 0.209356 0.267510 0.290772 0.186094 0.116309 0.023262 0.000000 0.139570 0.453604 ] {doughnut}
[0.442834 0.000000 0.085710 0.371410 0.285700 0.057140 0.142850 0.171420 0.000000 0.014285 0.042855 0.014285 0.042855 0.185705 ] {arch}
[0.539676 0.404757 0.323806 0.000000 0.053968 0.107935 0.674595 0.242854 0.188887 0.188887 0.134919 0.080951 0.080951 0.053968 ] {triangle}
[0.077691 0.012948 0.000000 0.000000 0.051794 0.038845 0.077691 0.517938 0.504990 0.051794 0.000000 0.142433 0.362557 0.401402 ] {T-shaped}
[0.192813 0.000000 0.000000 0.013772 0.013772 0.000000 0.068862 0.151496 0.096406 0.289219 0.316764 0.096406 0.013772 0.358081 ] {arch}
[0.089557 0.038381 0.000000 0.038381 0.051175 0.063969 0.089557 0.537340 0.511752 0.038381 0.000000 0.204701 0.358226 0.422195 ] {T-shaped}
[0.237424 0.166197 0.237424 0.142454 0.118712 0.071227 0.000000 0.546074 0.403620 0.189939 0.023742 0.000000 0.189939 0.688528 ] {triangle}
[0.201503 0.226691 0.176315 0.100752 0.075564 0.025188 0.025188 0.579322 0.403007 0.201503 0.075564 0.000000 0.050376 0.554134 ] {triangle}
[0.169944 0.000000 0.000000 0.000000 0.000000 0.056648 0.141620 0.169944 0.000000 0.028324 0.113296 0.056648 0.028324 0.084972 ] {rectangle}
[0.225710 0.050158 0.075237 0.075237 0.000000 0.000000 0.326026 0.326026 0.000000 0.075237 0.326026 0.275868 0.050158 0.050158 ] {arch}
[0.713926 0.428356 0.122387 0.000000 0.224377 0.407958 0.734324 0.061194 0.000000 0.000000 0.000000 0.000000 0.081592 0.061194 ] {triangle}
[0.049298 0.000000 0.024649 0.049298 0.024649 0.073947 0.184867 0.764115 0.369733 0.135569 0.024649 0.221840 0.406707 0.591573 ] {triangle}
[0.381192 0.244354 0.097741 0.009774 0.048871 0.244354 0.459385 0.459385 0.263902 0.068419 0.019548 0.117290 0.254128 0.390966 ] {square}
[0.414702 0.235626 0.122526 0.000000 0.113101 0.263901 0.405277 0.405277 0.282751 0.113101 0.000000 0.103676 0.273326 0.395852 ] {square}
[0.062182 0.037309 0.024873 0.037309 0.024873 0.062182 0.124364 0.820800 0.385527 0.161673 0.012436 0.223854 0.410400 0.634254 ] {triangle}
[0.192124 0.120077 0.192124 0.144093 0.096062 0.096062 0.024015 0.528340 0.432279 0.192124 0.000000 0.000000 0.264170 0.816526 ] {triangle}
[0.051584 0.012896 0.000000 0.000000 0.064480 0.000000 0.361090 0.644803 0.000000 0.025792 0.451362 0.386882 0.103168 0.154753 ] {arch}
[0.392371 0.235422 0.117711 0.058856 0.039237 0.255041 0.480654 0.490463 0.294278 0.049046 0.009809 0.088283 0.235422 0.353134 ] {square}
[0.091959 0.013137 0.000000 0.000000 0.065685 0.000000 0.407246 0.643712 0.000000 0.026274 0.446657 0.380972 0.118233 0.131370 ] {arch}
[0.195385 0.055824 0.055824 0.055824 0.000000 0.000000 0.418681 0.307033 0.000000 0.083736 0.307033 0.195385 0.027912 0.083736 ] {arch}
[0.159853 0.186495 0.159853 0.053284 0.079926 0.000000 0.079926 0.692694 0.399631 0.293063 0.133210 0.000000 0.133210 0.559484 ] {triangle}
[0.076414 0.012736 0.038207 0.012736 0.038207 0.063679 0.114622 0.687730 0.382072 0.140093 0.012736 0.229243 0.420279 0.700466 ] {triangle}
[0.094594 0.000000 0.013513 0.000000 0.040540 0.000000 0.405402 0.513509 0.000000 0.040540 0.513509 0.432429 0.148647 0.229728 ] {arch}
[0.350144 0.220090 0.100041 0.020008 0.020008 0.280115 0.490201 0.490201 0.280115 0.040016 0.030012 0.110045 0.250103 0.350144 ] {square}
[0.085176 0.085176 0.085176 0.056784 0.056784 0.000000 0.056784 0.653018 0.397489 0.141961 0.000000 0.028392 0.283921 0.596234 ] {triangle}
[0.000000 0.073863 0.061552 0.073863 0.110794 0.135415 0.147726 0.640145 0.295451 0.110794 0.012310 0.209278 0.406246 0.603213 ] {triangle}
