[0.622249 0.406855 0.191461 0.000000 0.119663 0.382922 0.741912 0.095731 0.167528 0.047865 0.095731 0.000000 0.071798 0.095731 ] {triangle}
[0.291121 0.079397 0.026466 0.105862 0.026466 0.079397 0.185259 0.158793 0.026466 0.026466 0.000000 0.000000 0.052931 0.238190 ] {rectangle}
[0.142664 0.015852 0.031703 0.237773 0.063406 0.079258 0.237773 0.602359 0.174367 0.015852 0.047555 0.190219 0.317031 0.459695 ] {L-shaped}
[0.098640 0.000000 0.032880 0.345239 0.263039 0.180840 0.246599 0.065760 0.000000 0.032880 0.115080 0.164400 0.263039 0.312359 ] {L-shaped}
[0.234963 0.029370 0.000000 0.000000 0.000000 0.058741 0.323075 0.323075 0.117482 0.000000 0.146852 0.117482 0.146852 0.234963 ] {square}
[0.182453 0.030409 0.000000 0.060818 0.000000 0.030409 0.334496 0.273679 0.091226 0.273679 0.516949 0.334496 0.152044 0.152044 ] {arch}
[0.344249 0.000000 0.028687 0.114750 0.143437 0.028687 0.315562 0.286874 0.143437 0.057375 0.000000 0.057375 0.200812 0.401624 ] {square}
[0.266719 0.106688 0.000000 0.080016 0.000000 0.000000 0.160031 0.266719 0.106688 0.000000 0.026672 0.000000 0.053344 0.320063 ] {rectangle}
[0.158279 0.015828 0.015828 0.205762 0.047484 0.047484 0.205762 0.648942 0.237418 0.015828 0.047484 0.174107 0.364041 0.474836 ] {L-shaped}
[0.861090 0.362564 0.090641 0.000000 0.022660 0.158622 0.521186 0.067981 0.067981 0.158622 0.067981 0.022660 0.022660 0.135962 ] {square}
[0.202177 0.057765 0.028882 0.028882 0.000000 0.000000 0.375471 0.288824 0.000000 0.173294 0.375471 0.317706 0.028882 0.086647 ] {arch}
[0.174158 0.024880 0.000000 0.024880 0.049759 0.149278 0.298556 0.298556 0.024880 0.074639 0.074639 0.074639 0.174158 0.472714 ] {cylinder}
[0.320664 0.080166 0.026722 0.080166 0.026722 0.026722 0.160332 0.213776 0.053444 0.000000 0.000000 0.000000 0.000000 0.293942 ] {rectangle}
[0.727191 0.477219 0.340871 0.000000 0.000000 0.477219 0.727191 0.136348 0.090899 0.045449 0.000000 0.000000 0.113624 0.068174 ] {triangle}
[0.059907 0.029954 0.000000 0.000000 0.000000 0.029954 0.389396 0.269582 0.119814 0.449303 0.509211 0.359443 0.239628 0.149768 ] {arch}
[0.250106 0.020842 0.041684 0.208422 0.125053 0.166738 0.125053 0.291791 0.020842 0.041684 0.041684 0.104211 0.145895 0.312633 ] {L-shaped}
[0.385124 0.077025 0.000000 0.077025 0.000000 0.051350 0.205400 0.179725 0.051350 0.000000 0.000000 0.000000 0.051350 0.231075 ] {rectangle}
[0.154954 0.000000 0.015495 0.216935 0.061981 0.061981 0.247926 0.635310 0.232430 0.015495 0.000000 0.154954 0.371889 0.542338 ] {L-shaped}
[0.168764 0.056255 0.056255 0.028127 0.000000 0.028127 0.450037 0.562547 0.000000 0.196891 0.393783 0.337528 0.056255 0.112509 ] {arch}
[0.687437 0.451130 0.300753 0.000000 0.085930 0.429648 0.644472 0.042965 0.107412 0.042965 0.000000 0.021482 0.064447 0.000000 ] {triangle}
[0.155128 0.031026 0.046538 0.232692 0.031026 0.077564 0.310256 0.604998 0.232692 0.000000 0.031026 0.155128 0.356794 0.558460 ] {L-shaped}
[0.197430 0.056409 0.056409 0.028204 0.028204 0.028204 0.423065 0.592291 0.000000 0.253839 0.394860 0.338452 0.056409 0.112817 ] {arch}
[0.227277 0.136366 0.022728 0.000000 0.022728 0.068183 0.409098 0.250004 0.045455 0.000000 0.000000 0.068183 0.136366 0.113638 ] {square}
[0.290294 0.052781 0.000000 0.026390 0.000000 0.026390 0.105561 0.184732 0.052781 0.000000 0.000000 0.000000 0.052781 0.237513 ] {rectangle}
[0.662194 0.421396 0.280931 0.000000 0.120399 0.421396 0.682260 0.120399 0.120399 0.040133 0.020066 0.080266 0.060199 0.040133 ] {triangle}
[0.200538 0.057297 0.000000 0.000000 0.000000 0.057297 0.429724 0.286483 0.085945 0.000000 0.028648 0.085945 0.143241 0.229186 ] {square}
[0.162805 0.081402 0.000000 0.027134 0.054268 0.108536 0.217073 0.189939 0.000000 0.054268 0.000000 0.081402 0.135670 0.325609 ] {cylinder}
[0.262147 0.052429 0.000000 0.104859 0.052429 0.078644 0.183503 0.131073 0.052429 0.000000 0.000000 0.000000 0.052429 0.262147 ] {rectangle}
[0.141404 0.015712 0.031423 0.235673 0.062846 0.078558 0.282807 0.612749 0.219961 0.000000 0.031423 0.157115 0.361365 0.502768 ] {L-shaped}
[0.192600 0.072225 0.024075 0.000000 0.000000 0.072225 0.312975 0.288900 0.048150 0.000000 0.024075 0.096300 0.096300 0.120375 ] {square}
[0.228143 0.057036 0.000000 0.000000 0.000000 0.057036 0.313696 0.370732 0.142589 0.028518 0.000000 0.028518 0.142589 0.228143 ] {square}
[0.749333 0.457926 0.228963 0.020815 0.145704 0.457926 0.666074 0.083259 0.104074 0.062444 0.000000 0.062444 0.062444 0.000000 ] {triangle}
[0.253756 0.021146 0.084585 0.211464 0.148025 0.190317 0.190317 0.274903 0.042293 0.021146 0.042293 0.105732 0.148025 0.359488 ] {L-shaped}
[0.588421 0.122588 0.000000 0.049035 0.024518 0.122588 0.196140 0.098070 0.073553 0.073553 0.024518 0.000000 0.024518 0.245175 ] {rectangle}
[0.171212 0.015565 0.031129 0.217906 0.031129 0.062259 0.264600 0.607024 0.233471 0.015565 0.000000 0.171212 0.404683 0.529201 ] {L-shaped}
[0.718862 0.471753 0.269573 0.022464 0.022464 0.449289 0.741327 0.157251 0.112322 0.067393 0.000000 0.044929 0.089858 0.044929 ] {triangle}
[0.257964 0.107485 0.085988 0.021497 0.000000 0.064491 0.472933 0.343952 0.042994 0.021497 0.000000 0.107485 0.085988 0.150479 ] {square}
[0.459541 0.106048 0.000000 0.000000 0.106048 0.106048 0.141397 0.070699 0.035349 0.035349 0.000000 0.000000 0.035349 0.176747 ] {arch}
[0.248227 0.020686 0.103428 0.186170 0.165485 0.124114 0.144799 0.289598 0.062057 0.041371 0.082742 0.103428 0.165485 0.289598 ] {L-shaped}
[0.297660 0.099220 0.000000 0.024805 0.024805 0.099220 0.198440 0.000000 0.049610 0.074415 0.000000 0.000000 0.024805 0.198440 ] {rectangle}
[0.138853 0.111082 0.083312 0.027771 0.000000 0.027771 0.111082 0.388787 0.194394 0.111082 0.027771 0.000000 0.083312 0.194394 ] {square}
[0.288714 0.103112 0.082490 0.000000 0.020622 0.144357 0.494939 0.350582 0.061867 0.061867 0.000000 0.123735 0.103112 0.185602 ] {square}
[0.300580 0.136627 0.081976 0.027325 0.027325 0.109302 0.546509 0.464533 0.109302 0.000000 0.054651 0.109302 0.163953 0.218604 ] {square}
[0.684375 0.435512 0.186648 0.041477 0.062216 0.394034 0.622159 0.062216 0.082955 0.020739 0.000000 0.020739 0.041477 0.000000 ] {triangle}
[0.450611 0.103987 0.000000 0.000000 0.103987 0.138650 0.173312 0.103987 0.069325 0.034662 0.000000 0.069325 0.034662 0.242637 ] {arch}
[0.740005 0.470912 0.269093 0.022424 0.089698 0.426064 0.717581 0.134546 0.112122 0.067273 0.000000 0.044849 0.112122 0.067273 ] {triangle}
[0.270530 0.112721 0.045088 0.000000 0.022544 0.112721 0.473427 0.315618 0.022544 0.022544 0.000000 0.112721 0.112721 0.135265 ] {square}
[0.311935 0.051989 0.000000 0.051989 0.000000 0.025995 0.103978 0.155967 0.077984 0.051989 0.051989 0.000000 0.051989 0.311935 ] {rectangle}
[0.503765 0.319051 0.000000 0.000000 0.083961 0.302259 0.520557 0.268675 0.000000 0.050376 0.201506 0.016792 0.016792 0.134337 ] {L-shaped}
[0.246202 0.089528 0.044764 0.000000 0.022382 0.067146 0.470022 0.268584 0.044764 0.000000 0.000000 0.067146 0.111910 0.134292 ] {square}
[0.149884 0.000000 0.000000 0.024981 0.124903 0.224825 0.124903 0.074942 0.000000 0.000000 0.000000 0.000000 0.199845 0.399689 ] {arch}
[0.263105 0.029234 0.000000 0.029234 0.000000 0.087702 0.350807 0.263105 0.087702 0.029234 0.029234 0.058468 0.087702 0.263105 ] {square}
[0.734514 0.453670 0.237637 0.021603 0.194430 0.453670 0.648100 0.064810 0.086413 0.064810 0.000000 0.021603 0.043207 0.000000 ] {triangle}
[0.681943 0.267906 0.073065 0.048710 0.024355 0.000000 0.170486 0.146131 0.170486 0.073065 0.073065 0.000000 0.000000 0.121776 ] {arch}
[0.757669 0.490256 0.267413 0.000000 0.133706 0.445688 0.713100 0.111422 0.044569 0.022284 0.022284 0.022284 0.089138 0.066853 ] {triangle}
[0.227019 0.090808 0.022702 0.000000 0.022702 0.068106 0.476740 0.340528 0.045404 0.000000 0.000000 0.113509 0.113509 0.113509 ] {square}
[0.246558 0.061639 0.000000 0.030820 0.030820 0.092459 0.277378 0.339017 0.000000 0.061639 0.061639 0.061639 0.000000 0.215738 ] {square}
[0.535422 0.301175 0.000000 0.000000 0.117124 0.284443 0.485226 0.250979 0.016732 0.000000 0.234247 0.066928 0.066928 0.167319 ] {L-shaped}
[0.215822 0.134889 0.053956 0.053956 0.000000 0.134889 0.458622 0.431645 0.107911 0.000000 0.080933 0.080933 0.161867 0.242800 ] {square}
[0.369847 0.000000 0.000000 0.049313 0.271221 0.197251 0.221908 0.098626 0.024656 0.000000 0.000000 0.049313 0.221908 0.493129 ] {arch}
[0.102578 0.000000 0.102578 0.333378 0.230800 0.205156 0.243622 0.474422 0.000000 0.051289 0.153867 0.230800 0.320556 0.397489 ] {L-shaped}
[0.663181 0.422024 0.281349 0.000000 0.080386 0.442120 0.643084 0.140675 0.060289 0.020096 0.020096 0.040193 0.040193 0.020096 ] {triangle}
[0.516624 0.290601 0.000000 0.000000 0.145300 0.274456 0.500479 0.306745 0.016144 0.032289 0.226023 0.032289 0.064578 0.193734 ] {L-shaped}
[0.090119 0.000000 0.154489 0.321853 0.244608 0.193112 0.257482 0.476342 0.000000 0.051496 0.141615 0.218860 0.347601 0.424846 ] {L-shaped}
[0.221589 0.142450 0.094967 0.015828 0.000000 0.205761 0.348211 0.538144 0.300727 0.126622 0.047483 0.316555 0.300727 0.411522 ] {square}
[0.520274 0.268529 0.000000 0.000000 0.117481 0.302095 0.469925 0.251746 0.016783 0.000000 0.201396 0.016783 0.050349 0.134264 ] {L-shaped}
[0.179586 0.112241 0.044896 0.044896 0.022448 0.022448 0.157138 0.157138 0.067345 0.044896 0.000000 0.044896 0.000000 0.112241 ] {rectangle}
[0.719938 0.458142 0.283612 0.021816 0.152714 0.458142 0.610857 0.065449 0.087265 0.065449 0.000000 0.000000 0.087265 0.021816 ] {triangle}
[0.549982 0.183327 0.000000 0.000000 0.026190 0.000000 0.052379 0.209517 0.104759 0.209517 0.052379 0.000000 0.026190 0.183327 ] {arch}
[0.161317 0.069136 0.023045 0.023045 0.023045 0.069136 0.069136 0.138272 0.092181 0.046091 0.023045 0.046091 0.000000 0.253498 ] {rectangle}
[0.349587 0.000000 0.000000 0.074911 0.199764 0.199764 0.324616 0.074911 0.000000 0.000000 0.000000 0.074911 0.224734 0.549351 ] {arch}
[0.715396 0.469478 0.335342 0.000000 0.000000 0.447122 0.737752 0.156493 0.156493 0.067068 0.000000 0.022356 0.111781 0.067068 ] {triangle}
[0.102978 0.012872 0.154467 0.321806 0.244573 0.193084 0.218828 0.502017 0.000000 0.051489 0.167339 0.218828 0.321806 0.399039 ] {L-shaped}
[0.546420 0.318745 0.106248 0.000000 0.212497 0.379458 0.516063 0.227675 0.015178 0.045535 0.242853 0.106248 0.000000 0.273210 ] {L-shaped}
[0.451696 0.200754 0.025094 0.000000 0.150565 0.250942 0.250942 0.376413 0.225848 0.000000 0.000000 0.150565 0.250942 0.376413 ] {square}
[0.474508 0.000000 0.000000 0.099896 0.224767 0.249741 0.224767 0.074922 0.024974 0.049948 0.000000 0.049948 0.274715 0.499482 ] {arch}
[0.113748 0.000000 0.050555 0.328605 0.252773 0.189580 0.252773 0.518185 0.000000 0.063193 0.164303 0.214857 0.341244 0.442353 ] {L-shaped}
[0.174516 0.087258 0.043629 0.043629 0.021815 0.021815 0.087258 0.174516 0.109073 0.043629 0.065444 0.065444 0.000000 0.109073 ] {rectangle}
[0.719181 0.431509 0.287672 0.000000 0.102740 0.410961 0.657537 0.123288 0.102740 0.020548 0.041096 0.061644 0.061644 0.000000 ] {triangle}
[0.449531 0.000000 0.000000 0.049948 0.174817 0.224765 0.199791 0.024974 0.024974 0.000000 0.000000 0.000000 0.249739 0.474505 ] {arch}
[0.554838 0.329903 0.104969 0.014996 0.209939 0.389886 0.509851 0.239930 0.029991 0.059982 0.254925 0.104969 0.029991 0.239930 ] {L-shaped}
[0.465299 0.116325 0.069795 0.000000 0.139590 0.232650 0.279180 0.372239 0.279180 0.023265 0.000000 0.162855 0.255915 0.442034 ] {square}
[0.115327 0.012814 0.102513 0.320354 0.243469 0.192212 0.205026 0.512566 0.000000 0.064071 0.166584 0.217841 0.320354 0.422867 ] {L-shaped}
[0.151938 0.086822 0.043411 0.043411 0.021705 0.021705 0.108527 0.151938 0.130232 0.086822 0.086822 0.065116 0.000000 0.130232 ] {rectangle}
[0.557166 0.331288 0.150585 0.000000 0.165644 0.391522 0.511991 0.271054 0.030117 0.060234 0.210820 0.105410 0.030117 0.210820 ] {L-shaped}
[0.100628 0.000000 0.138363 0.327040 0.251569 0.176098 0.238990 0.515716 0.000000 0.037735 0.163520 0.238990 0.327040 0.402510 ] {L-shaped}
[0.179138 0.089569 0.044784 0.044784 0.000000 0.022392 0.089569 0.156745 0.089569 0.067177 0.044784 0.044784 0.000000 0.111961 ] {rectangle}
[0.106173 0.021235 0.042469 0.021235 0.000000 0.042469 0.127408 0.212346 0.021235 0.063704 0.084938 0.042469 0.000000 0.530865 ] {square}
[0.209849 0.052462 0.000000 0.000000 0.131156 0.183618 0.131156 0.236080 0.183618 0.131156 0.026231 0.000000 0.209849 0.419698 ] {square}
[0.454924 0.000000 0.000000 0.050547 0.151641 0.227462 0.202188 0.075821 0.000000 0.025274 0.000000 0.050547 0.252736 0.328556 ] {arch}
[0.193658 0.077463 0.000000 0.000000 0.000000 0.116195 0.154926 0.232389 0.038732 0.077463 0.000000 0.000000 0.154926 0.271121 ] {triangle}
[0.566840 0.306400 0.153200 0.000000 0.137880 0.383000 0.520880 0.245120 0.015320 0.045960 0.229800 0.122560 0.045960 0.199160 ] {L-shaped}
[0.373679 0.000000 0.000000 0.000000 0.174383 0.348767 0.224207 0.099648 0.024912 0.000000 0.024912 0.049824 0.174383 0.398591 ] {arch}
[0.092850 0.000000 0.198965 0.344873 0.238758 0.198965 0.238758 0.504045 0.013264 0.039793 0.159172 0.238758 0.318344 0.437723 ] {L-shaped}
[0.160004 0.020000 0.040001 0.000000 0.000000 0.080002 0.160004 0.120003 0.060001 0.120003 0.020000 0.000000 0.020000 0.460011 ] {square}
[0.495224 0.173328 0.049522 0.000000 0.123806 0.272373 0.198090 0.420940 0.297134 0.099045 0.000000 0.123806 0.297134 0.470463 ] {square}
[0.116411 0.012935 0.103476 0.336298 0.258691 0.181083 0.219887 0.504447 0.000000 0.051738 0.155214 0.206952 0.336298 0.426839 ] {L-shaped}
[0.187803 0.075121 0.000000 0.000000 0.000000 0.112682 0.225363 0.262924 0.000000 0.037561 0.000000 0.000000 0.187803 0.225363 ] {triangle}
[0.156189 0.089251 0.044626 0.044626 0.000000 0.022313 0.111564 0.156189 0.089251 0.066938 0.044626 0.044626 0.000000 0.178502 ] {rectangle}
[0.395206 0.019760 0.000000 0.000000 0.000000 0.059281 0.158082 0.296404 0.059281 0.098801 0.000000 0.000000 0.000000 0.553288 ] {square}
[0.557679 0.301448 0.150724 0.000000 0.150724 0.391883 0.512462 0.256231 0.030145 0.060290 0.211014 0.105507 0.030145 0.211014 ] {L-shaped}
[0.104983 0.000000 0.144351 0.341193 0.236211 0.183720 0.209965 0.511790 0.000000 0.052491 0.157474 0.209965 0.328071 0.433053 ] {L-shaped}
[0.540740 0.154497 0.051499 0.025750 0.128748 0.205996 0.257495 0.308994 0.205996 0.128748 0.000000 0.000000 0.205996 0.437742 ] {square}
[0.271837 0.077668 0.000000 0.000000 0.000000 0.116502 0.233003 0.233003 0.000000 0.000000 0.000000 0.000000 0.155335 0.194169 ] {triangle}
[0.156102 0.089201 0.044601 0.044601 0.000000 0.022300 0.111502 0.156102 0.111502 0.066901 0.066901 0.044601 0.000000 0.111502 ] {rectangle}
[0.555932 0.300504 0.150252 0.030050 0.195327 0.390655 0.601008 0.255428 0.030050 0.060101 0.240403 0.105176 0.045076 0.255428 ] {L-shaped}
[0.115220 0.000000 0.115220 0.332859 0.256046 0.179232 0.268848 0.422475 0.000000 0.051209 0.153627 0.204836 0.345661 0.422475 ] {L-shaped}
[0.169031 0.105645 0.063387 0.021129 0.021129 0.042258 0.105645 0.147902 0.126774 0.063387 0.042258 0.084516 0.063387 0.126774 ] {rectangle}
[0.414715 0.000000 0.039497 0.019748 0.000000 0.078993 0.236980 0.177735 0.059245 0.118490 0.000000 0.019748 0.000000 0.533205 ] {square}
[0.271686 0.077624 0.000000 0.000000 0.000000 0.116437 0.232873 0.232873 0.000000 0.000000 0.000000 0.000000 0.155249 0.194061 ] {triangle}
[0.316565 0.170458 0.073054 0.000000 0.073054 0.146107 0.340916 0.438321 0.292214 0.121756 0.000000 0.024351 0.121756 0.340916 ] {square}
[0.104047 0.013006 0.156070 0.325146 0.247111 0.208093 0.208093 0.468210 0.000000 0.039017 0.143064 0.208093 0.312140 0.416186 ] {L-shaped}
[0.194172 0.077669 0.000000 0.000000 0.000000 0.077669 0.194172 0.233007 0.038834 0.000000 0.000000 0.000000 0.077669 0.233007 ] {triangle}
[0.174608 0.065478 0.065478 0.021826 0.021826 0.043652 0.109130 0.130956 0.109130 0.021826 0.065478 0.065478 0.000000 0.109130 ] {rectangle}
[0.080357 0.026786 0.174107 0.348215 0.254465 0.200893 0.187500 0.522322 0.013393 0.040179 0.147322 0.214286 0.321429 0.388393 ] {L-shaped}
[0.273339 0.091113 0.000000 0.000000 0.000000 0.182226 0.212597 0.364452 0.212597 0.060742 0.000000 0.000000 0.182226 0.334081 ] {square}
[0.440199 0.101584 0.000000 0.033861 0.304753 0.270892 0.474060 0.000000 0.033861 0.000000 0.101584 0.135446 0.033861 0.203169 ] {triangle}
[0.175028 0.109393 0.065636 0.021879 0.021879 0.043757 0.175028 0.109393 0.087514 0.087514 0.065636 0.065636 0.043757 0.109393 ] {rectangle}
[0.171030 0.068412 0.000000 0.000000 0.000000 0.102618 0.171030 0.273648 0.102618 0.000000 0.068412 0.102618 0.136824 0.205236 ] {square}
[0.089533 0.000000 0.059689 0.059689 0.059689 0.089533 0.089533 0.447664 0.179066 0.029844 0.089533 0.149221 0.208910 0.656574 ] {triangle}
[0.117004 0.013000 0.130005 0.325012 0.247009 0.195007 0.195007 0.533020 0.000000 0.052002 0.130005 0.208008 0.312011 0.442016 ] {L-shaped}
[0.537435 0.376204 0.161230 0.000000 0.089572 0.322461 0.591178 0.232888 0.071658 0.053743 0.214974 0.053743 0.071658 0.161230 ] {L-shaped}
[0.190071 0.063357 0.042238 0.021119 0.021119 0.000000 0.084476 0.168952 0.126714 0.063357 0.063357 0.063357 0.042238 0.232309 ] {rectangle}
[0.107367 0.000000 0.000000 0.026842 0.053683 0.053683 0.187891 0.536833 0.295258 0.053683 0.000000 0.214733 0.348941 0.483149 ] {triangle}
[0.508748 0.295402 0.032822 0.000000 0.147701 0.311813 0.541570 0.246168 0.032822 0.098467 0.213346 0.000000 0.147701 0.262580 ] {L-shaped}
[0.394319 0.098580 0.032860 0.065720 0.098580 0.197160 0.492899 0.032860 0.065720 0.098580 0.000000 0.065720 0.164300 0.197160 ] {triangle}
[0.140835 0.000000 0.000000 0.035209 0.035209 0.105626 0.211252 0.246461 0.035209 0.000000 0.035209 0.070417 0.140835 0.211252 ] {square}
[0.123499 0.037050 0.098799 0.395196 0.271697 0.209948 0.222298 0.395196 0.000000 0.037050 0.135849 0.209948 0.296397 0.395196 ] {L-shaped}
[0.388803 0.145801 0.072901 0.048600 0.000000 0.000000 0.874808 0.048600 0.145801 0.121501 0.048600 0.000000 0.072901 0.000000 ] {square}
[0.171030 0.028505 0.000000 0.057010 0.057010 0.085515 0.199535 0.513089 0.256545 0.000000 0.000000 0.142525 0.313555 0.456079 ] {triangle}
[0.517862 0.215776 0.043155 0.000000 0.000000 0.107888 0.237353 0.302086 0.151043 0.021578 0.000000 0.000000 0.086310 0.345241 ] {rectangle}
[0.101114 0.025279 0.050557 0.353900 0.252786 0.202229 0.315982 0.379179 0.000000 0.037918 0.139032 0.227507 0.328622 0.404457 ] {L-shaped}
[0.475816 0.271895 0.033987 0.000000 0.101961 0.305882 0.594770 0.186928 0.033987 0.101961 0.271895 0.016993 0.050980 0.220915 ] {L-shaped}
[0.393401 0.196700 0.000000 0.032783 0.163917 0.229484 0.524535 0.098350 0.032783 0.131134 0.000000 0.098350 0.131134 0.163917 ] {triangle}
[0.130905 0.116360 0.043635 0.058180 0.000000 0.072725 0.450896 0.610891 0.058180 0.101815 0.087270 0.159995 0.189085 0.232720 ] {square}
[0.129547 0.000000 0.000000 0.000000 0.032387 0.032387 0.226707 0.453415 0.226707 0.064774 0.032387 0.032387 0.259094 0.421028 ] {triangle}
[0.493179 0.278753 0.085770 0.000000 0.064328 0.192983 0.257311 0.321638 0.171540 0.042885 0.000000 0.000000 0.085770 0.385966 ] {rectangle}
[0.115885 0.012876 0.090133 0.347655 0.257522 0.180266 0.206018 0.424912 0.000000 0.038628 0.115885 0.218894 0.309027 0.386283 ] {L-shaped}
[0.545595 0.319831 0.056441 0.000000 0.112882 0.376272 0.602036 0.225763 0.037627 0.131695 0.282204 0.075254 0.000000 0.206950 ] {L-shaped}
[0.523083 0.237765 0.047553 0.023777 0.023777 0.047553 0.237765 0.095106 0.213989 0.190212 0.095106 0.023777 0.000000 0.237765 ] {square}
[0.276209 0.180136 0.060045 0.072055 0.000000 0.144109 0.444336 0.612464 0.252191 0.024018 0.072055 0.108082 0.204155 0.324246 ] {square}
[0.213098 0.106549 0.026637 0.000000 0.000000 0.293009 0.426195 0.186460 0.053274 0.000000 0.000000 0.079912 0.079912 0.239735 ] {square}
[0.491593 0.192362 0.042747 0.000000 0.064121 0.128242 0.256483 0.320604 0.128242 0.042747 0.000000 0.000000 0.085494 0.320604 ] {rectangle}
[0.113626 0.028407 0.000000 0.028407 0.056813 0.113626 0.113626 0.482912 0.284066 0.056813 0.028407 0.113626 0.340879 0.369285 ] {triangle}
[0.548997 0.318772 0.070838 0.000000 0.159386 0.318772 0.602126 0.194805 0.017710 0.017710 0.247934 0.000000 0.035419 0.141677 ] {L-shaped}
[0.582593 0.134444 0.044815 0.000000 0.000000 0.268889 0.627408 0.089630 0.000000 0.089630 0.000000 0.000000 0.044815 0.224074 ] {triangle}
[0.492375 0.256891 0.128446 0.000000 0.064223 0.171261 0.256891 0.321114 0.171261 0.042815 0.000000 0.000000 0.085630 0.299706 ] {rectangle}
[0.188494 0.134638 0.053855 0.013464 0.000000 0.121174 0.525089 0.565481 0.201957 0.000000 0.094247 0.148102 0.242349 0.323132 ] {square}
[0.551788 0.323462 0.057082 0.000000 0.095136 0.361516 0.589842 0.190272 0.019027 0.057082 0.247353 0.019027 0.038054 0.171245 ] {L-shaped}
[0.292193 0.194795 0.060873 0.073048 0.000000 0.231319 0.426114 0.596560 0.219144 0.000000 0.048699 0.097398 0.231319 0.328717 ] {square}
[0.433297 0.152928 0.076464 0.000000 0.127440 0.254880 0.407809 0.356832 0.203904 0.000000 0.000000 0.025488 0.178416 0.356832 ] {square}
[0.191707 0.063902 0.463291 0.191707 0.191707 0.239633 0.063902 0.495242 0.063902 0.159756 0.223658 0.367438 0.207682 0.383413 ] {}
[0.497327 0.237852 0.043246 0.000000 0.021623 0.151360 0.259475 0.324343 0.129737 0.043246 0.000000 0.000000 0.086492 0.345966 ] {rectangle}
[0.533661 0.302408 0.017789 0.017789 0.124521 0.284619 0.551449 0.195676 0.035577 0.035577 0.249042 0.000000 0.035577 0.195676 ] {L-shaped}
[0.795467 0.409786 0.096420 0.000000 0.265156 0.385681 0.650837 0.000000 0.024105 0.000000 0.000000 0.024105 0.048210 0.024105 ] {triangle}
[0.517572 0.258786 0.086262 0.000000 0.107827 0.194089 0.323482 0.301917 0.150958 0.021565 0.000000 0.000000 0.129393 0.431310 ] {rectangle}
[0.301498 0.109636 0.082227 0.054818 0.137045 0.219271 0.301498 0.411134 0.219271 0.000000 0.000000 0.054818 0.191862 0.274089 ] {square}
[0.609962 0.254151 0.000000 0.177906 0.279566 0.432056 0.584547 0.050830 0.101660 0.101660 0.177906 0.177906 0.177906 0.127075 ] {triangle}
[0.546008 0.309404 0.036401 0.000000 0.163802 0.345805 0.564208 0.236603 0.018200 0.091001 0.273004 0.000000 0.054601 0.254804 ] {L-shaped}
[0.242505 0.191451 0.178688 0.051054 0.000000 0.178688 0.561590 0.561590 0.076580 0.000000 0.012763 0.051054 0.127634 0.191451 ] {square}
[0.096498 0.032166 0.000000 0.064332 0.064332 0.064332 0.160830 0.514656 0.064332 0.032166 0.032166 0.032166 0.160830 0.546822 ] {triangle}
[0.612924 0.346435 0.000000 0.133244 0.293137 0.479679 0.639572 0.000000 0.026649 0.079947 0.133244 0.133244 0.106595 0.106595 ] {triangle}
[0.312125 0.249700 0.199760 0.024970 0.012485 0.162305 0.524371 0.586796 0.187275 0.000000 0.024970 0.087395 0.162305 0.224730 ] {square}
[0.518315 0.215965 0.043193 0.000000 0.107982 0.194368 0.280754 0.280754 0.151175 0.021596 0.000000 0.000000 0.086386 0.345544 ] {rectangle}
[0.562522 0.326625 0.054438 0.018146 0.163313 0.362917 0.616959 0.217750 0.054438 0.072583 0.272188 0.018146 0.054438 0.290334 ] {L-shaped}
[0.061064 0.000000 0.000000 0.030532 0.091597 0.122129 0.213725 0.457983 0.091597 0.000000 0.061064 0.122129 0.244258 0.457983 ] {triangle}
[0.222224 0.111112 0.055556 0.027778 0.138890 0.250002 0.416670 0.361114 0.083334 0.027778 0.000000 0.055556 0.166668 0.333336 ] {square}
[0.494710 0.258110 0.043018 0.000000 0.021509 0.193582 0.258110 0.301128 0.172073 0.021509 0.000000 0.000000 0.086037 0.430183 ] {rectangle}
[0.692482 0.359065 0.025647 0.051295 0.179532 0.410360 0.641187 0.000000 0.102590 0.128237 0.000000 0.179532 0.205180 0.025647 ] {triangle}
[0.521214 0.305539 0.089865 0.000000 0.125810 0.323512 0.575133 0.215675 0.017973 0.107837 0.251621 0.071892 0.071892 0.197702 ] {L-shaped}
[0.256074 0.192056 0.192056 0.128037 0.000000 0.179252 0.614578 0.652989 0.051215 0.000000 0.000000 0.064019 0.102430 0.153644 ] {square}
[0.161328 0.032266 0.000000 0.032266 0.129063 0.129063 0.322657 0.516251 0.064531 0.032266 0.000000 0.032266 0.193594 0.548517 ] {triangle}
[0.516671 0.215279 0.043056 0.000000 0.107640 0.193751 0.301391 0.301391 0.129168 0.021528 0.000000 0.000000 0.086112 0.387503 ] {rectangle}
[0.594676 0.324369 0.072082 0.000000 0.162184 0.342389 0.612696 0.234266 0.054061 0.090102 0.234266 0.018020 0.090102 0.234266 ] {L-shaped}
[0.284678 0.106754 0.000000 0.000000 0.053377 0.053377 0.231301 0.515979 0.302471 0.160131 0.017792 0.106754 0.320263 0.498187 ] {square}
[0.147989 0.000000 0.000000 0.088793 0.118391 0.059195 0.207184 0.562357 0.118391 0.029598 0.029598 0.088793 0.236782 0.384770 ] {triangle}
[0.176950 0.117967 0.029492 0.029492 0.000000 0.117967 0.176950 0.088475 0.000000 0.058983 0.058983 0.000000 0.088475 0.206442 ] {square}
[0.494498 0.257999 0.043000 0.000000 0.000000 0.150499 0.300999 0.300999 0.171999 0.021500 0.000000 0.000000 0.086000 0.343999 ] {rectangle}
[0.490001 0.294001 0.065333 0.000000 0.130667 0.310334 0.506335 0.245001 0.081667 0.065333 0.261334 0.049000 0.098000 0.196000 ] {L-shaped}
[0.239856 0.000000 0.000000 0.073802 0.147604 0.147604 0.221405 0.055351 0.000000 0.018450 0.055351 0.073802 0.055351 0.166054 ] {L-shaped}
[0.123926 0.000000 0.000000 0.030981 0.123926 0.123926 0.185889 0.402759 0.092944 0.030981 0.030981 0.092944 0.216870 0.495703 ] {triangle}
[0.517013 0.258506 0.043084 0.000000 0.064627 0.193880 0.236964 0.301591 0.172338 0.021542 0.000000 0.000000 0.086169 0.344675 ] {rectangle}
[0.516282 0.302648 0.106817 0.000000 0.071211 0.356056 0.551887 0.231437 0.053408 0.106817 0.231437 0.017803 0.071211 0.178028 ] {L-shaped}
[0.421556 0.365348 0.309141 0.196726 0.028104 0.000000 0.505867 0.337245 0.224830 0.140519 0.112415 0.084311 0.000000 0.056207 ] {triangle}
[0.161176 0.032235 0.000000 0.032235 0.064470 0.096706 0.128941 0.386823 0.064470 0.032235 0.000000 0.096706 0.161176 0.515764 ] {triangle}
[0.399566 0.272432 0.018162 0.000000 0.236107 0.127135 0.217945 0.544863 0.308756 0.199783 0.072648 0.090811 0.399566 0.617511 ] {square}
[0.520198 0.260099 0.086700 0.000000 0.108375 0.195074 0.238424 0.281774 0.151724 0.021675 0.000000 0.000000 0.043350 0.390148 ] {rectangle}
[0.537430 0.326297 0.095970 0.000000 0.076776 0.383879 0.595012 0.191939 0.038388 0.134358 0.230327 0.038388 0.076776 0.172745 ] {L-shaped}
[0.090486 0.030162 0.000000 0.060324 0.090486 0.120648 0.211134 0.422269 0.120648 0.030162 0.000000 0.150810 0.211134 0.512755 ] {triangle}
[0.369518 0.108682 0.000000 0.000000 0.043473 0.130418 0.260836 0.304309 0.173891 0.086945 0.000000 0.065209 0.282572 0.543408 ] {rectangle}
[0.538892 0.323335 0.071852 0.000000 0.143704 0.395187 0.592781 0.233520 0.035926 0.053889 0.233520 0.017963 0.035926 0.215557 ] {L-shaped}
[0.411903 0.250084 0.073554 0.000000 0.176530 0.264795 0.353060 0.397192 0.205952 0.147108 0.000000 0.073554 0.279506 0.456036 ] {square}
[0.408617 0.248724 0.230958 0.177660 0.000000 0.071064 0.444149 0.302022 0.213192 0.159894 0.071064 0.035532 0.035532 0.266490 ] {L-shaped}
[0.200006 0.033334 0.033334 0.000000 0.033334 0.100003 0.100003 0.366677 0.100003 0.000000 0.066669 0.000000 0.133337 0.433346 ] {triangle}
[0.520505 0.303628 0.043375 0.000000 0.065063 0.195189 0.325316 0.325316 0.151814 0.021688 0.000000 0.000000 0.086751 0.390379 ] {rectangle}
[0.539645 0.164891 0.000000 0.029980 0.074951 0.209862 0.299803 0.419724 0.284812 0.134911 0.059961 0.000000 0.059961 0.509664 ] {square}
[0.529418 0.340340 0.075631 0.000000 0.075631 0.378155 0.605049 0.170170 0.056723 0.113447 0.226893 0.037816 0.018908 0.207985 ] {L-shaped}
[0.391386 0.260924 0.205012 0.205012 0.000000 0.074550 0.391386 0.354111 0.260924 0.205012 0.093187 0.055912 0.018637 0.316836 ] {L-shaped}
[0.088279 0.000000 0.000000 0.029426 0.088279 0.088279 0.205984 0.559100 0.117705 0.000000 0.000000 0.088279 0.205984 0.441395 ] {triangle}
[0.120638 0.060319 0.281488 0.361913 0.221169 0.020106 0.321701 0.301594 0.000000 0.080425 0.120638 0.080425 0.160850 0.201063 ] {arch}
[0.405646 0.086924 0.028975 0.000000 0.144874 0.260773 0.376672 0.202823 0.028975 0.000000 0.000000 0.000000 0.144874 0.289747 ] {square}
[0.516762 0.301445 0.043064 0.000000 0.021532 0.107659 0.236849 0.301445 0.172254 0.021532 0.000000 0.021532 0.043064 0.301445 ] {rectangle}
[0.354238 0.219872 0.097721 0.000000 0.085506 0.183227 0.513035 0.500820 0.293163 0.000000 0.048860 0.134366 0.232087 0.354238 ] {square}
[0.418545 0.244151 0.191833 0.104636 0.000000 0.069757 0.383666 0.296469 0.226712 0.174394 0.104636 0.052318 0.017439 0.296469 ] {L-shaped}
[0.140737 0.060316 0.361896 0.361896 0.060316 0.040211 0.261370 0.281475 0.000000 0.060316 0.080421 0.060316 0.160843 0.180948 ] {arch}
[0.335831 0.248764 0.087067 0.000000 0.074629 0.199011 0.485089 0.410460 0.286078 0.024876 0.000000 0.111944 0.236326 0.348269 ] {square}
[0.347766 0.124202 0.074521 0.049681 0.173883 0.248404 0.347766 0.496808 0.173883 0.024840 0.000000 0.049681 0.248404 0.397447 ] {square}
[0.427398 0.222247 0.188055 0.085480 0.017096 0.119671 0.444494 0.290631 0.188055 0.136767 0.051288 0.000000 0.034192 0.341918 ] {L-shaped}
[0.110116 0.022023 0.330349 0.352373 0.352373 0.022023 0.418443 0.660699 0.044047 0.022023 0.132140 0.110116 0.154163 0.198210 ] {arch}
[0.499432 0.083239 0.083239 0.041619 0.041619 0.208097 0.457813 0.124858 0.124858 0.124858 0.000000 0.000000 0.083239 0.083239 ] {triangle}
[0.069171 0.023057 0.000000 0.000000 0.000000 0.023057 0.253627 0.553369 0.000000 0.046114 0.069171 0.115285 0.092228 0.184456 ] {rectangle}
[0.342049 0.263115 0.026311 0.000000 0.065779 0.249959 0.434140 0.434140 0.328894 0.065779 0.000000 0.105246 0.263115 0.394672 ] {square}
[0.110116 0.022023 0.330349 0.352373 0.352373 0.022023 0.418443 0.660699 0.044047 0.022023 0.132140 0.110116 0.154163 0.198210 ] {arch}
[0.499432 0.083239 0.083239 0.041619 0.041619 0.208097 0.457813 0.124858 0.124858 0.124858 0.000000 0.000000 0.083239 0.083239 ] {triangle}
[0.069171 0.023057 0.000000 0.000000 0.000000 0.023057 0.253627 0.553369 0.000000 0.046114 0.069171 0.115285 0.092228 0.184456 ] {rectangle}
