[0.305687 0.152843 0.050948 0.000000 0.000000 0.101896 0.356634 0.331161 0.127369 0.025474 0.000000 0.076422 0.178317 0.229265 ] {cylinder}
[0.091536 0.022884 0.045768 0.045768 0.045768 0.137305 0.205957 0.800943 0.320377 0.000000 0.022884 0.205957 0.343261 0.572102 ] {triangle}
[0.224918 0.124954 0.000000 0.000000 0.000000 0.049982 0.049982 0.149945 0.049982 0.000000 0.000000 0.000000 0.000000 0.124954 ] {triangle}
[0.018483 0.036966 0.101656 0.120139 0.147864 0.175588 0.249520 0.711595 0.184830 0.009241 0.166347 0.295728 0.452833 0.582214 ] {triangle}
[0.249562 0.029360 0.073401 0.234882 0.073401 0.058720 0.293602 0.543164 0.249562 0.029360 0.058720 0.161481 0.337642 0.499123 ] {L-shaped}
[0.439548 0.159836 0.019979 0.000000 0.059938 0.139856 0.539445 0.139856 0.059938 0.000000 0.019979 0.000000 0.079918 0.159836 ] {half-cylinder}
[0.228917 0.000000 0.028615 0.057229 0.057229 0.000000 0.171688 0.114459 0.000000 0.486449 0.486449 0.200303 0.143073 0.171688 ] {arch}
[0.603880 0.000000 0.033549 0.033549 0.033549 0.055915 0.089464 0.100647 0.078281 0.067098 0.033549 0.000000 0.011183 0.055915 ] {rectangle}
[0.455641 0.266717 0.022226 0.000000 0.100019 0.188924 0.322283 0.355622 0.233377 0.133358 0.044453 0.000000 0.188924 0.433414 ] {}
[0.049420 0.065893 0.131787 0.197680 0.247100 0.312993 0.428306 0.065893 0.032947 0.115313 0.214153 0.263573 0.362413 0.395360 ] {triangle}
[0.412498 0.215624 0.112500 0.000000 0.112500 0.281249 0.412498 0.440623 0.281249 0.075000 0.000000 0.093750 0.234374 0.449998 ] {square}
[0.184385 0.000000 0.030731 0.061462 0.061462 0.030731 0.061462 0.215116 0.092192 0.061462 0.000000 0.030731 0.000000 0.399500 ] {half-cylinder}
[0.386700 0.206240 0.051560 0.000000 0.000000 0.128900 0.335140 0.335140 0.051560 0.025780 0.000000 0.025780 0.025780 0.335140 ] {cylinder}
[0.127691 0.000000 0.255381 0.331996 0.229843 0.000000 0.306458 0.459686 0.000000 0.000000 0.025538 0.076614 0.051076 0.280919 ] {arch}
[0.164582 0.020573 0.000000 0.061718 0.041145 0.061718 0.205727 0.349736 0.144009 0.041145 0.000000 0.041145 0.164582 0.596609 ] {triangle}
[0.195756 0.015058 0.015058 0.225872 0.060233 0.045174 0.255988 0.587267 0.255988 0.015058 0.000000 0.120465 0.316221 0.496918 ] {L-shaped}
[0.456255 0.010863 0.010863 0.021726 0.032590 0.054316 0.065179 0.119495 0.076043 0.076043 0.076043 0.021726 0.054316 0.097769 ] {rectangle}
[0.049417 0.065889 0.131779 0.181196 0.247085 0.345919 0.444753 0.016472 0.032945 0.115306 0.181196 0.230613 0.312975 0.329447 ] {triangle}
[0.454275 0.254837 0.011080 0.011080 0.099719 0.177278 0.321316 0.354556 0.243757 0.110799 0.044319 0.011080 0.188358 0.432115 ] {}
[0.280902 0.168541 0.028090 0.000000 0.028090 0.084270 0.252811 0.224721 0.112361 0.000000 0.028090 0.056180 0.028090 0.196631 ] {cylinder}
[0.446751 0.205264 0.000000 0.048297 0.072446 0.156967 0.289785 0.301859 0.169041 0.096595 0.060372 0.000000 0.132818 0.398454 ] {}
[0.173384 0.015762 0.031524 0.236432 0.110335 0.000000 0.236432 0.535913 0.236432 0.031524 0.000000 0.126097 0.299481 0.472864 ] {L-shaped}
[0.482664 0.000000 0.022450 0.033674 0.011225 0.044899 0.078573 0.112248 0.078573 0.067349 0.056124 0.022450 0.011225 0.033674 ] {rectangle}
[0.254486 0.127243 0.076346 0.050897 0.000000 0.101795 0.381730 0.254486 0.076346 0.025449 0.000000 0.000000 0.152692 0.229038 ] {cylinder}
[0.186823 0.120101 0.106756 0.066723 0.026689 0.013345 0.427025 0.386991 0.026689 0.013345 0.040034 0.093412 0.120101 0.186823 ] {square}
[0.483364 0.000000 0.022482 0.022482 0.033723 0.044964 0.078687 0.112410 0.078687 0.067446 0.056205 0.022482 0.022482 0.011241 ] {rectangle}
[0.439402 0.219701 0.000000 0.046253 0.092506 0.150322 0.289080 0.300643 0.219701 0.115632 0.069379 0.000000 0.161885 0.485655 ] {}
[0.196291 0.030199 0.015099 0.226489 0.045298 0.045298 0.241588 0.543574 0.241588 0.015099 0.000000 0.150993 0.286886 0.468078 ] {L-shaped}
[0.198734 0.151973 0.116902 0.058451 0.000000 0.081832 0.444229 0.420849 0.116902 0.000000 0.070141 0.151973 0.198734 0.292256 ] {square}
[0.426944 0.251788 0.032842 0.000000 0.087578 0.164209 0.317471 0.383155 0.251788 0.098526 0.054736 0.000000 0.207999 0.448839 ] {}
[0.533973 0.293685 0.213589 0.053397 0.000000 0.106795 0.347082 0.240288 0.186890 0.186890 0.080096 0.186890 0.080096 0.026699 ] {triangle}
[0.199082 0.015314 0.015314 0.214395 0.076570 0.030628 0.229709 0.535989 0.245023 0.045942 0.015314 0.153140 0.290965 0.474733 ] {L-shaped}
[0.237030 0.101584 0.033861 0.016931 0.033861 0.016931 0.186238 0.237030 0.084654 0.016931 0.033861 0.067723 0.118515 0.101584 ] {rectangle}
[0.221545 0.083079 0.096926 0.055386 0.013847 0.013847 0.415397 0.387704 0.027693 0.013847 0.041540 0.055386 0.110773 0.166159 ] {square}
[0.207818 0.044532 0.029688 0.237506 0.103909 0.074221 0.282038 0.549233 0.207818 0.000000 0.000000 0.133597 0.296883 0.475012 ] {L-shaped}
[0.167534 0.000000 0.045691 0.045691 0.000000 0.045691 0.152304 0.213226 0.015230 0.015230 0.213226 0.000000 0.076152 0.060922 ] {}
[0.795201 0.457241 0.198800 0.019880 0.198800 0.437361 0.616281 0.059640 0.000000 0.059640 0.000000 0.039760 0.139160 0.039760 ] {triangle}
[0.207472 0.095756 0.031919 0.031919 0.031919 0.015959 0.207472 0.271310 0.031919 0.000000 0.063838 0.063838 0.095756 0.111716 ] {rectangle}
[0.432482 0.216241 0.043248 0.000000 0.000000 0.021624 0.410858 0.259489 0.237865 0.151369 0.000000 0.021624 0.064872 0.475731 ] {half-cylinder}
[0.359880 0.071976 0.000000 0.023992 0.000000 0.023992 0.167944 0.119960 0.047984 0.215928 0.407864 0.335888 0.071976 0.095968 ] {arch}
[0.202314 0.101157 0.033719 0.016859 0.016859 0.016859 0.236033 0.236033 0.084297 0.000000 0.050578 0.067438 0.118016 0.101157 ] {rectangle}
[0.088182 0.000000 0.017636 0.017636 0.035273 0.017636 0.123455 0.793638 0.423273 0.176364 0.017636 0.194000 0.405637 0.634910 ] {triangle}
[0.227837 0.065096 0.000000 0.000000 0.032548 0.097644 0.130192 0.000000 0.097644 0.455673 0.455673 0.325481 0.000000 0.032548 ] {arch}
[0.000000 0.000000 0.018511 0.018511 0.037022 0.000000 0.129579 0.795983 0.462781 0.166601 0.000000 0.148090 0.407247 0.647893 ] {triangle}
[0.231298 0.072280 0.072280 0.057824 0.000000 0.028912 0.462595 0.404771 0.028912 0.014456 0.014456 0.072280 0.086737 0.274666 ] {square}
[0.134706 0.022451 0.089804 0.134706 0.067353 0.000000 0.089804 0.089804 0.067353 0.022451 0.044902 0.022451 0.022451 0.044902 ] {arch}
[0.206592 0.103296 0.000000 0.000000 0.034432 0.017216 0.206592 0.223808 0.051648 0.000000 0.017216 0.034432 0.068864 0.086080 ] {rectangle}
[0.272093 0.000000 0.000000 0.027209 0.000000 0.081628 0.190465 0.190465 0.054419 0.244884 0.462558 0.408140 0.081628 0.027209 ] {arch}
[0.214674 0.057246 0.085870 0.085870 0.014312 0.000000 0.415037 0.357790 0.000000 0.000000 0.028623 0.071558 0.114493 0.114493 ] {square}
[0.320348 0.160174 0.000000 0.020022 0.060065 0.160174 0.600653 0.100109 0.040044 0.060065 0.020022 0.000000 0.020022 0.180196 ] {half-cylinder}
[0.127662 0.021277 0.085108 0.106385 0.063831 0.021277 0.106385 0.127662 0.042554 0.000000 0.000000 0.063831 0.021277 0.063831 ] {arch}
[0.150256 0.090154 0.000000 0.000000 0.000000 0.000000 0.120205 0.390666 0.150256 0.000000 0.000000 0.000000 0.060103 0.270461 ] {cylinder}
[0.022361 0.000000 0.000000 0.022361 0.089445 0.044723 0.156529 0.805008 0.380143 0.089445 0.044723 0.290698 0.559034 0.737924 ] {triangle}
[0.150462 0.000000 0.030092 0.045138 0.000000 0.045138 0.150462 0.120369 0.000000 0.000000 0.195600 0.030092 0.045138 0.135415 ] {}
[0.054691 0.000000 0.018230 0.018230 0.036461 0.000000 0.072921 0.783905 0.455759 0.145843 0.000000 0.127612 0.401067 0.674523 ] {triangle}
[0.577454 0.280924 0.124855 0.000000 0.140462 0.296531 0.436992 0.218496 0.046821 0.093641 0.249710 0.156069 0.062427 0.187282 ] {L-shaped}
[0.194642 0.097321 0.032440 0.032440 0.016220 0.016220 0.194642 0.259523 0.113541 0.016220 0.048661 0.048661 0.064881 0.097321 ] {rectangle}
[0.300111 0.000000 0.000000 0.050019 0.000000 0.075028 0.100037 0.375139 0.025009 0.225083 0.475176 0.400148 0.125046 0.000000 ] {arch}
[0.000000 0.000000 0.000000 0.018242 0.018242 0.000000 0.127694 0.784406 0.383082 0.145936 0.000000 0.145936 0.401324 0.674954 ] {triangle}
[0.086508 0.000000 0.043254 0.086508 0.064881 0.021627 0.129762 0.108135 0.064881 0.021627 0.043254 0.064881 0.043254 0.129762 ] {arch}
[0.116400 0.000000 0.023280 0.186240 0.093120 0.046560 0.139680 0.628561 0.325921 0.000000 0.023280 0.256081 0.488881 0.605281 ] {triangle}
[0.124453 0.015557 0.031113 0.046670 0.000000 0.031113 0.171123 0.140009 0.000000 0.031113 0.264462 0.031113 0.046670 0.077783 ] {}
[0.251965 0.100786 0.016798 0.050393 0.033595 0.000000 0.218370 0.235168 0.067191 0.016798 0.050393 0.067191 0.083988 0.083988 ] {rectangle}
[0.544367 0.272184 0.112076 0.000000 0.160108 0.336227 0.512346 0.192130 0.000000 0.080054 0.208140 0.144097 0.048032 0.240162 ] {L-shaped}
[0.201061 0.147445 0.120637 0.067020 0.026808 0.026808 0.469143 0.361910 0.040212 0.000000 0.026808 0.093829 0.120637 0.147445 ] {square}
[0.355053 0.136559 0.027312 0.054624 0.000000 0.136559 0.191182 0.163871 0.136559 0.191182 0.027312 0.000000 0.054624 0.655482 ] {half-cylinder}
[0.364122 0.045515 0.000000 0.068273 0.000000 0.068273 0.113788 0.136546 0.022758 0.204819 0.432395 0.341365 0.022758 0.091031 ] {arch}
[0.088351 0.022088 0.022088 0.088351 0.088351 0.066263 0.154614 0.662632 0.287141 0.044175 0.000000 0.176702 0.508018 0.684720 ] {triangle}
[0.164611 0.044894 0.044894 0.059859 0.000000 0.029929 0.314258 0.344187 0.000000 0.000000 0.194541 0.044894 0.059859 0.119717 ] {}
[0.146151 0.020879 0.062636 0.104394 0.041758 0.000000 0.125273 0.125273 0.041758 0.000000 0.041758 0.083515 0.020879 0.083515 ] {arch}
[0.385679 0.192840 0.085706 0.021427 0.085706 0.192840 0.192840 0.235693 0.299973 0.171413 0.042853 0.042853 0.214266 0.342826 ] {half-cylinder}
[0.000000 0.000000 0.000000 0.049964 0.016655 0.016655 0.099928 0.766117 0.449677 0.183202 0.049964 0.216511 0.399713 0.716153 ] {triangle}
[0.197566 0.098783 0.032928 0.032928 0.032928 0.016464 0.197566 0.263422 0.082319 0.016464 0.032928 0.065855 0.082319 0.082319 ] {rectangle}
[0.240146 0.105064 0.060036 0.030018 0.000000 0.090055 0.165100 0.600365 0.060036 0.000000 0.000000 0.000000 0.045027 0.210128 ] {square}
[0.257165 0.120010 0.222877 0.274310 0.000000 0.051433 0.360031 0.342887 0.034289 0.034289 0.051433 0.085722 0.034289 0.154299 ] {arch}
[0.275469 0.027547 0.000000 0.027547 0.000000 0.027547 0.137734 0.247922 0.082641 0.358110 0.550938 0.358110 0.110188 0.055094 ] {arch}
[0.132603 0.000000 0.022101 0.176804 0.110503 0.000000 0.110503 0.110503 0.066302 0.000000 0.022101 0.022101 0.044201 0.088402 ] {arch}
[0.069488 0.023163 0.185301 0.185301 0.277952 0.231627 0.208464 0.440091 0.069488 0.000000 0.231627 0.440091 0.463253 0.532741 ] {triangle}
[0.198549 0.106911 0.076365 0.015273 0.015273 0.061092 0.229096 0.412372 0.076365 0.030546 0.030546 0.076365 0.076365 0.198549 ] {square}
[0.206334 0.085972 0.000000 0.051583 0.034389 0.017194 0.206334 0.223528 0.051583 0.034389 0.017194 0.034389 0.068778 0.051583 ] {rectangle}
[0.427433 0.203539 0.040708 0.040708 0.061062 0.203539 0.569910 0.122124 0.000000 0.101770 0.081416 0.061062 0.081416 0.101770 ] {half-cylinder}
[0.226285 0.084857 0.000000 0.028286 0.056571 0.169714 0.254570 0.197999 0.028286 0.000000 0.000000 0.056571 0.141428 0.311142 ] {cylinder}
[0.054355 0.018118 0.000000 0.036237 0.054355 0.054355 0.163065 0.779088 0.434840 0.108710 0.000000 0.271775 0.434840 0.597905 ] {triangle}
[0.189746 0.031624 0.079061 0.063249 0.000000 0.047437 0.221371 0.189746 0.000000 0.000000 0.189746 0.205558 0.031624 0.079061 ] {}
[0.581277 0.267073 0.062841 0.015710 0.141392 0.282783 0.424175 0.251363 0.031420 0.094261 0.219943 0.172812 0.078551 0.267073 ] {L-shaped}
[0.035336 0.000000 0.035336 0.035336 0.035336 0.070673 0.141345 0.141345 0.070673 0.388700 0.388700 0.282691 0.035336 0.318027 ] {arch}
[0.236727 0.067636 0.033818 0.016909 0.016909 0.016909 0.186000 0.253637 0.084546 0.016909 0.033818 0.101455 0.118364 0.101455 ] {rectangle}
[0.272377 0.108951 0.000000 0.000000 0.054475 0.163426 0.245139 0.245139 0.108951 0.027238 0.000000 0.027238 0.108951 0.381328 ] {cylinder}
[0.426061 0.201818 0.022424 0.000000 0.022424 0.179394 0.583030 0.134545 0.000000 0.089697 0.044848 0.067273 0.044848 0.089697 ] {half-cylinder}
[0.210099 0.113130 0.064646 0.048484 0.000000 0.048484 0.290906 0.371713 0.064646 0.016161 0.048484 0.048484 0.080807 0.145453 ] {square}
[0.037732 0.000000 0.018866 0.018866 0.094330 0.094330 0.132062 0.811239 0.396186 0.056598 0.018866 0.264124 0.415052 0.660310 ] {triangle}
[0.136517 0.000000 0.091012 0.182023 0.113764 0.000000 0.091012 0.068259 0.045506 0.000000 0.113764 0.045506 0.022753 0.022753 ] {arch}
[0.586358 0.301556 0.134025 0.000000 0.134025 0.301556 0.452333 0.217790 0.067012 0.050259 0.217790 0.201037 0.050259 0.217790 ] {L-shaped}
[0.242368 0.111862 0.242368 0.261011 0.018644 0.018644 0.279655 0.261011 0.037287 0.018644 0.074575 0.018644 0.000000 0.111862 ] {arch}
[0.037588 0.018794 0.056382 0.037588 0.093970 0.056382 0.150352 0.789348 0.413468 0.150352 0.000000 0.244322 0.413468 0.620202 ] {triangle}
[0.113750 0.000000 0.068250 0.204751 0.091000 0.000000 0.091000 0.068250 0.022750 0.022750 0.113750 0.068250 0.022750 0.091000 ] {arch}
[0.166067 0.110712 0.239875 0.258327 0.018452 0.055356 0.295231 0.276779 0.036904 0.036904 0.092260 0.036904 0.018452 0.129164 ] {arch}
[0.168542 0.067417 0.000000 0.000000 0.033708 0.067417 0.101125 0.134833 0.067417 0.370791 0.471916 0.303375 0.033708 0.033708 ] {arch}
[0.471073 0.149887 0.021412 0.000000 0.000000 0.171299 0.556722 0.128474 0.021412 0.064237 0.021412 0.000000 0.064237 0.107062 ] {half-cylinder}
[0.228960 0.200340 0.085860 0.028620 0.028620 0.186030 0.472231 0.543781 0.257580 0.028620 0.000000 0.100170 0.228960 0.329130 ] {}
[0.364139 0.112043 0.028011 0.000000 0.056021 0.168064 0.252096 0.252096 0.084032 0.000000 0.084032 0.056021 0.140053 0.252096 ] {cylinder}
[0.619507 0.292545 0.051626 0.000000 0.137668 0.309753 0.430213 0.223711 0.051626 0.068834 0.240919 0.189294 0.034417 0.172085 ] {L-shaped}
[0.487861 0.000000 0.000000 0.091474 0.000000 0.091474 0.121965 0.030491 0.000000 0.426879 0.426879 0.274422 0.060983 0.000000 ] {arch}
[0.265828 0.132914 0.079748 0.000000 0.079748 0.132914 0.398742 0.265828 0.079748 0.026583 0.026583 0.079748 0.132914 0.318994 ] {cylinder}
[0.487848 0.190897 0.042422 0.000000 0.021211 0.190897 0.572691 0.106054 0.042422 0.084843 0.021211 0.000000 0.063632 0.084843 ] {half-cylinder}
[0.053798 0.017933 0.053798 0.035866 0.107597 0.071731 0.143462 0.789042 0.412454 0.053798 0.000000 0.197260 0.394521 0.609714 ] {triangle}
[0.132826 0.000000 0.022138 0.177101 0.110688 0.000000 0.088551 0.199239 0.066413 0.022138 0.066413 0.066413 0.044275 0.110688 ] {arch}
[0.228486 0.015232 0.015232 0.060930 0.030465 0.060930 0.198021 0.137091 0.030465 0.000000 0.045697 0.030465 0.000000 0.228486 ] {rectangle}
[0.000000 0.043345 0.021672 0.065017 0.086689 0.108361 0.108361 0.671841 0.303412 0.043345 0.043345 0.260067 0.520135 0.585152 ] {triangle}
[0.312805 0.130336 0.000000 0.000000 0.026067 0.052134 0.156403 0.156403 0.130336 0.026067 0.000000 0.052134 0.052134 0.286738 ] {cylinder}
[0.151535 0.068879 0.261742 0.303069 0.041328 0.000000 0.840328 0.289293 0.027552 0.027552 0.055103 0.027552 0.110207 0.000000 ] {arch}
[0.125615 0.020936 0.062807 0.104679 0.041872 0.000000 0.125615 0.188422 0.041872 0.000000 0.000000 0.062807 0.062807 0.104679 ] {arch}
[0.357447 0.042894 0.014298 0.042894 0.042894 0.085787 0.200170 0.200170 0.042894 0.014298 0.028596 0.042894 0.000000 0.228766 ] {rectangle}
[0.144092 0.000000 0.201729 0.288185 0.201729 0.028818 0.115274 0.389050 0.043228 0.086455 0.100865 0.086455 0.072046 0.115274 ] {arch}
[0.273177 0.030353 0.015177 0.030353 0.030353 0.075883 0.212471 0.121412 0.000000 0.000000 0.015177 0.015177 0.000000 0.182118 ] {rectangle}
[0.597096 0.274341 0.064551 0.000000 0.145240 0.306617 0.419581 0.209790 0.064551 0.064551 0.193653 0.145240 0.048413 0.258204 ] {L-shaped}
[0.283423 0.128829 0.051532 0.000000 0.077297 0.128829 0.257658 0.309189 0.128829 0.000000 0.000000 0.051532 0.180360 0.360721 ] {cylinder}
[0.266682 0.041028 0.020514 0.000000 0.020514 0.102570 0.184626 0.328224 0.123084 0.020514 0.020514 0.061542 0.164112 0.287196 ] {triangle}
[0.262230 0.046276 0.015425 0.061701 0.061701 0.030851 0.185104 0.092552 0.046276 0.015425 0.015425 0.046276 0.000000 0.185104 ] {rectangle}
[0.022760 0.000000 0.000000 0.091039 0.091039 0.045519 0.068279 0.751069 0.364154 0.182077 0.022760 0.250356 0.568991 0.637270 ] {triangle}
[0.015407 0.000000 0.092443 0.138664 0.231107 0.292735 0.369771 0.231107 0.077036 0.154071 0.231107 0.292735 0.369771 0.446806 ] {triangle}
[0.151673 0.000000 0.227509 0.318513 0.242676 0.045502 0.060669 0.288178 0.015167 0.060669 0.030335 0.075836 0.015167 0.091004 ] {arch}
[0.263280 0.098730 0.000000 0.000000 0.065820 0.164550 0.263280 0.065820 0.000000 0.032910 0.032910 0.065820 0.065820 0.230370 ] {arch}
[0.207885 0.077957 0.025986 0.000000 0.025986 0.051971 0.207885 0.311828 0.103943 0.000000 0.025986 0.077957 0.155914 0.259857 ] {cylinder}
[0.242273 0.000000 0.000000 0.000000 0.040379 0.060568 0.181705 0.383598 0.181705 0.040379 0.000000 0.080758 0.201894 0.363409 ] {triangle}
[0.574029 0.248229 0.093086 0.000000 0.139629 0.310286 0.418886 0.232715 0.015514 0.062057 0.217200 0.124114 0.046543 0.248229 ] {L-shaped}
[0.188176 0.020908 0.020908 0.125450 0.125450 0.041817 0.083634 0.125450 0.000000 0.000000 0.041817 0.020908 0.000000 0.104542 ] {arch}
[0.363348 0.087204 0.058136 0.058136 0.072670 0.116271 0.232543 0.101738 0.014534 0.000000 0.043602 0.000000 0.000000 0.174407 ] {rectangle}
[0.591928 0.271967 0.079990 0.000000 0.159981 0.303963 0.399951 0.239971 0.031996 0.079990 0.207975 0.175979 0.047994 0.207975 ] {L-shaped}
[0.034187 0.017093 0.102560 0.136747 0.239307 0.290587 0.427333 0.102560 0.068373 0.085467 0.205120 0.222213 0.307680 0.393147 ] {triangle}
[0.151587 0.000000 0.227380 0.303174 0.227380 0.000000 0.045476 0.257697 0.015159 0.090952 0.075793 0.060635 0.045476 0.075793 ] {arch}
[0.223237 0.095673 0.031891 0.063782 0.095673 0.159455 0.255128 0.127564 0.000000 0.031891 0.000000 0.000000 0.031891 0.127564 ] {arch}
[0.183551 0.020395 0.020395 0.000000 0.040789 0.061184 0.122368 0.285524 0.142762 0.020395 0.020395 0.081578 0.183551 0.265130 ] {triangle}
[0.192738 0.021415 0.064246 0.128492 0.128492 0.000000 0.107076 0.192738 0.021415 0.064246 0.042831 0.000000 0.000000 0.128492 ] {arch}
[0.261303 0.015371 0.015371 0.061483 0.061483 0.076854 0.230562 0.122966 0.046112 0.000000 0.015371 0.015371 0.000000 0.230562 ] {rectangle}
[0.033798 0.000000 0.101394 0.168990 0.270384 0.321081 0.405576 0.067596 0.067596 0.152091 0.202788 0.236586 0.337980 0.439374 ] {triangle}
[0.261432 0.015378 0.000000 0.061513 0.030757 0.061513 0.215297 0.123027 0.061513 0.000000 0.015378 0.015378 0.015378 0.184540 ] {rectangle}
[0.074237 0.044542 0.014847 0.000000 0.029695 0.000000 0.089085 0.415728 0.000000 0.029695 0.000000 0.059390 0.014847 0.044542 ] {square}
[0.274955 0.137478 0.000000 0.000000 0.058919 0.000000 0.176757 0.196397 0.098198 0.117838 0.058919 0.000000 0.078559 0.216036 ] {}
[0.198061 0.066020 0.033010 0.033010 0.099031 0.165051 0.330102 0.066020 0.000000 0.000000 0.000000 0.033010 0.099031 0.165051 ] {arch}
[0.184138 0.081839 0.040920 0.020460 0.020460 0.102299 0.163678 0.327356 0.143218 0.020460 0.040920 0.122759 0.163678 0.265977 ] {triangle}
[0.235382 0.021398 0.021398 0.149789 0.171187 0.000000 0.106992 0.171187 0.021398 0.021398 0.106992 0.042797 0.000000 0.171187 ] {arch}
[0.601409 0.276323 0.081271 0.000000 0.162543 0.308831 0.438866 0.227560 0.065017 0.065017 0.227560 0.178797 0.065017 0.227560 ] {L-shaped}
[0.277724 0.205274 0.096600 0.084525 0.012075 0.217349 0.615823 0.446774 0.048300 0.000000 0.012075 0.060375 0.132825 0.265649 ] {square}
[0.274623 0.098080 0.000000 0.000000 0.058848 0.078464 0.137311 0.156927 0.058848 0.117695 0.000000 0.000000 0.098080 0.196159 ] {}
[0.581271 0.282781 0.094260 0.000000 0.141390 0.314201 0.424171 0.204231 0.000000 0.094260 0.251361 0.141390 0.047130 0.204231 ] {L-shaped}
[0.000000 0.015880 0.079400 0.158801 0.206441 0.269962 0.381122 0.190561 0.095281 0.158801 0.238201 0.254082 0.333482 0.381122 ] {triangle}
[0.145105 0.041459 0.000000 0.000000 0.062188 0.062188 0.124376 0.352398 0.145105 0.000000 0.020729 0.082917 0.165834 0.352398 ] {triangle}
[0.175607 0.000000 0.065853 0.131706 0.175607 0.000000 0.087804 0.175607 0.021951 0.000000 0.087804 0.021951 0.021951 0.241460 ] {arch}
[0.270590 0.045098 0.015033 0.075164 0.045098 0.075164 0.210459 0.135295 0.045098 0.000000 0.015033 0.060131 0.000000 0.180393 ] {rectangle}
[0.093124 0.000000 0.310414 0.388017 0.217290 0.062083 0.108645 0.108645 0.046562 0.015521 0.000000 0.015521 0.077603 0.310414 ] {arch}
[0.000000 0.000000 0.043426 0.108565 0.086852 0.108565 0.151991 0.738240 0.325694 0.000000 0.065139 0.325694 0.521111 0.629676 ] {triangle}
[0.111817 0.069885 0.027954 0.000000 0.000000 0.000000 0.055908 0.489198 0.013977 0.000000 0.041931 0.013977 0.055908 0.097840 ] {square}
[0.261140 0.080351 0.020088 0.000000 0.060263 0.040175 0.140614 0.200877 0.060263 0.120526 0.020088 0.000000 0.100439 0.241053 ] {}
[0.283684 0.000000 0.257894 0.309473 0.128947 0.025789 0.232105 0.180526 0.025789 0.025789 0.051579 0.000000 0.000000 0.232105 ] {arch}
[0.225293 0.040962 0.000000 0.000000 0.061444 0.061444 0.122887 0.368661 0.163849 0.020481 0.000000 0.061444 0.184331 0.307218 ] {triangle}
[0.259897 0.019992 0.019992 0.159937 0.059976 0.019992 0.159937 0.179929 0.019992 0.019992 0.019992 0.039984 0.000000 0.079968 ] {arch}
[0.614598 0.291934 0.138285 0.000000 0.138285 0.322664 0.460949 0.184379 0.000000 0.092190 0.215109 0.107555 0.046095 0.261204 ] {L-shaped}
[0.387387 0.059598 0.000000 0.074498 0.089397 0.059598 0.223493 0.074498 0.014900 0.014900 0.000000 0.029799 0.000000 0.178794 ] {rectangle}
[0.278058 0.139029 0.000000 0.000000 0.059584 0.039723 0.178751 0.178751 0.099306 0.119168 0.019861 0.000000 0.099306 0.198613 ] {}
[0.024025 0.000000 0.048050 0.168175 0.144150 0.120125 0.096100 0.816848 0.288299 0.024025 0.048050 0.288299 0.504524 0.672698 ] {triangle}
[0.554642 0.285245 0.095082 0.000000 0.142622 0.348632 0.443714 0.190163 0.000000 0.079235 0.206010 0.142622 0.047541 0.237704 ] {L-shaped}
[0.116228 0.000000 0.290570 0.363213 0.174342 0.058114 0.072643 0.130757 0.058114 0.043586 0.014529 0.000000 0.043586 0.464912 ] {arch}
[0.230960 0.115480 0.019247 0.000000 0.076987 0.057740 0.211714 0.173220 0.057740 0.115480 0.000000 0.019247 0.115480 0.192467 ] {}
[0.373127 0.000000 0.223876 0.323376 0.174126 0.024875 0.000000 0.199001 0.049750 0.049750 0.000000 0.000000 0.000000 0.124376 ] {arch}
[0.011453 0.034358 0.000000 0.022905 0.011453 0.000000 0.068716 0.790236 0.492466 0.206149 0.011453 0.217601 0.458108 0.732972 ] {triangle}
[0.199983 0.019998 0.019998 0.139988 0.059995 0.019998 0.119990 0.179985 0.039997 0.000000 0.019998 0.019998 0.000000 0.119990 ] {arch}
[0.197768 0.056505 0.395535 0.367283 0.113010 0.000000 0.254273 0.367283 0.169515 0.084758 0.084758 0.056505 0.084758 0.423788 ] {arch}
[0.195851 0.152328 0.087045 0.087045 0.000000 0.043522 0.348179 0.696358 0.152328 0.000000 0.000000 0.043522 0.043522 0.239373 ] {half-cylinder}
[0.261577 0.018684 0.037368 0.000000 0.000000 0.037368 0.186841 0.298946 0.056052 0.018684 0.000000 0.056052 0.018684 0.074736 ] {half-cylinder}
[0.237884 0.021626 0.064877 0.129755 0.237884 0.000000 0.108129 0.173007 0.064877 0.000000 0.043252 0.086503 0.021626 0.151381 ] {arch}
[0.358016 0.000000 0.268512 0.387851 0.223760 0.089504 0.134256 0.119339 0.044752 0.029835 0.000000 0.044752 0.059669 0.402768 ] {arch}
[0.345898 0.020347 0.040694 0.122082 0.061041 0.020347 0.162776 0.142429 0.061041 0.020347 0.020347 0.020347 0.020347 0.203469 ] {arch}
[0.560413 0.346137 0.131862 0.000000 0.065931 0.296689 0.560413 0.197793 0.000000 0.049448 0.214276 0.065931 0.016483 0.131862 ] {L-shaped}
[0.307376 0.000000 0.335319 0.307376 0.111773 0.000000 0.251489 0.139716 0.167660 0.027943 0.055887 0.000000 0.000000 0.335319 ] {arch}
[0.046889 0.000000 0.312593 0.390742 0.218815 0.078148 0.093778 0.171926 0.031259 0.015630 0.000000 0.015630 0.062519 0.390742 ] {arch}
[0.184065 0.040903 0.040903 0.020452 0.061355 0.040903 0.184065 0.327227 0.143162 0.000000 0.020452 0.081807 0.184065 0.388582 ] {triangle}
[0.270594 0.019328 0.019328 0.000000 0.000000 0.038656 0.173954 0.115969 0.000000 0.000000 0.000000 0.077313 0.000000 0.000000 ] {half-cylinder}
[0.232235 0.042225 0.084449 0.126674 0.126674 0.021112 0.168898 0.126674 0.000000 0.000000 0.084449 0.000000 0.000000 0.105562 ] {arch}
[0.347092 0.308526 0.173546 0.038566 0.000000 0.134980 0.269960 0.501355 0.347092 0.134980 0.000000 0.000000 0.134980 0.250677 ] {half-cylinder}
[0.153912 0.123129 0.430952 0.400170 0.153912 0.030782 0.307823 0.153912 0.092347 0.061565 0.061565 0.061565 0.030782 0.400170 ] {arch}
[0.272974 0.062994 0.000000 0.000000 0.000000 0.041996 0.167984 0.146986 0.000000 0.000000 0.000000 0.041996 0.000000 0.000000 ] {half-cylinder}
[0.169564 0.021195 0.000000 0.000000 0.000000 0.084782 0.105977 0.317932 0.105977 0.000000 0.021195 0.105977 0.169564 0.254346 ] {triangle}
[0.074404 0.029762 0.000000 0.074404 0.089285 0.178569 0.327377 0.773801 0.178569 0.044642 0.089285 0.252973 0.431543 0.580351 ] {triangle}
[0.536221 0.324982 0.113744 0.000000 0.064996 0.276235 0.536221 0.194989 0.000000 0.081246 0.211239 0.097495 0.048747 0.194989 ] {L-shaped}
[0.026964 0.000000 0.000000 0.000000 0.000000 0.080893 0.215714 0.053928 0.026964 0.053928 0.161785 0.000000 0.026964 0.323571 ] {half-cylinder}
[0.213397 0.021340 0.042679 0.128038 0.128038 0.000000 0.128038 0.128038 0.021340 0.000000 0.106699 0.042679 0.000000 0.128038 ] {arch}
[0.117600 0.035280 0.035280 0.011760 0.000000 0.000000 0.399840 0.399840 0.000000 0.000000 0.035280 0.035280 0.047040 0.164640 ] {rectangle}
[0.145120 0.058048 0.406336 0.406336 0.087072 0.029024 0.174144 0.261216 0.145120 0.087072 0.058048 0.058048 0.087072 0.261216 ] {arch}
[0.025952 0.000000 0.000000 0.000000 0.000000 0.000000 0.285470 0.285470 0.025952 0.051904 0.000000 0.000000 0.051904 0.259519 ] {half-cylinder}
[0.260242 0.020019 0.000000 0.000000 0.020019 0.060056 0.160149 0.120112 0.040037 0.060056 0.000000 0.080074 0.000000 0.000000 ] {half-cylinder}
[0.076214 0.030486 0.015243 0.091457 0.106700 0.198157 0.335342 0.777384 0.152428 0.045728 0.106700 0.259128 0.426799 0.563984 ] {triangle}
[0.589335 0.013394 0.013394 0.066970 0.066970 0.120546 0.281274 0.174122 0.120546 0.080364 0.026788 0.000000 0.000000 0.455395 ] {}
[0.205973 0.020597 0.020597 0.123584 0.123584 0.000000 0.123584 0.144181 0.041195 0.000000 0.123584 0.082389 0.041195 0.164778 ] {arch}
[0.114980 0.034494 0.034494 0.011498 0.011498 0.000000 0.436926 0.367937 0.000000 0.011498 0.057490 0.080486 0.068988 0.160973 ] {rectangle}
[0.130599 0.035618 0.035618 0.011873 0.000000 0.000000 0.308689 0.403670 0.000000 0.000000 0.011873 0.035618 0.035618 0.106854 ] {rectangle}
[0.272616 0.019473 0.000000 0.000000 0.000000 0.038945 0.136308 0.155780 0.019473 0.000000 0.000000 0.077890 0.000000 0.019473 ] {half-cylinder}
[0.213511 0.021351 0.064053 0.128107 0.192160 0.000000 0.106756 0.149458 0.021351 0.042702 0.085405 0.000000 0.000000 0.085405 ] {arch}
[0.198694 0.000000 0.042577 0.056770 0.113540 0.156117 0.283849 0.610276 0.241272 0.000000 0.113540 0.241272 0.439966 0.596083 ] {triangle}
[0.047408 0.071113 0.047408 0.000000 0.000000 0.000000 0.284451 0.568901 0.071113 0.023704 0.047408 0.000000 0.023704 0.474084 ] {half-cylinder}
[0.251265 0.041878 0.000000 0.000000 0.020939 0.041878 0.167510 0.146571 0.020939 0.000000 0.000000 0.041878 0.000000 0.000000 ] {half-cylinder}
[0.000000 0.025537 0.025537 0.076612 0.000000 0.102149 0.153224 0.051075 0.076612 0.025537 0.025537 0.000000 0.076612 0.331984 ] {half-cylinder}
[0.207017 0.020702 0.062105 0.124210 0.124210 0.020702 0.124210 0.144912 0.041403 0.000000 0.041403 0.020702 0.000000 0.165613 ] {arch}
[0.151863 0.070091 0.070091 0.023364 0.023364 0.000000 0.081773 0.455590 0.011682 0.011682 0.011682 0.023364 0.023364 0.046727 ] {rectangle}
[0.759345 0.472481 0.236241 0.000000 0.185618 0.472481 0.708722 0.016874 0.000000 0.033749 0.000000 0.016874 0.000000 0.033749 ] {triangle}
[0.224768 0.000000 0.337152 0.505727 0.309056 0.056192 0.140480 0.084288 0.000000 0.000000 0.028096 0.028096 0.000000 0.140480 ] {arch}
[0.142219 0.000000 0.028444 0.085331 0.071110 0.170663 0.298660 0.696873 0.227550 0.014222 0.113775 0.298660 0.455101 0.611542 ] {triangle}
[0.238919 0.026547 0.371652 0.451291 0.345105 0.000000 0.185826 0.079640 0.000000 0.026547 0.053093 0.026547 0.026547 0.185826 ] {arch}
[0.128721 0.035106 0.070212 0.046808 0.000000 0.000000 0.152125 0.456376 0.011702 0.000000 0.011702 0.023404 0.023404 0.046808 ] {rectangle}
[0.194564 0.000000 0.043236 0.129709 0.129709 0.000000 0.151327 0.108091 0.021618 0.021618 0.064855 0.000000 0.043236 0.172945 ] {arch}
[0.260482 0.012404 0.074424 0.409329 0.062020 0.012404 0.049616 0.186059 0.074424 0.037212 0.037212 0.049616 0.037212 0.037212 ] {arch}
[0.708521 0.444885 0.230681 0.000000 0.148295 0.461362 0.708521 0.049432 0.032954 0.065909 0.016477 0.032954 0.016477 0.049432 ] {triangle}
[0.322100 0.070022 0.000000 0.084026 0.112035 0.140043 0.210065 0.154048 0.112035 0.084026 0.042013 0.014004 0.098030 0.378117 ] {}
[0.585026 0.284607 0.142304 0.000000 0.063246 0.300419 0.553403 0.221361 0.000000 0.063246 0.205550 0.079058 0.015812 0.189738 ] {L-shaped}
[0.139947 0.093298 0.069973 0.046649 0.023324 0.000000 0.104960 0.431503 0.011662 0.000000 0.011662 0.023324 0.023324 0.069973 ] {rectangle}
[0.000000 0.051558 0.082493 0.103116 0.123739 0.164986 0.195921 0.835241 0.319660 0.010312 0.154674 0.350595 0.443400 0.598074 ] {triangle}
[0.159192 0.000000 0.212256 0.451043 0.424512 0.185724 0.132660 0.079596 0.079596 0.079596 0.106128 0.053064 0.159192 0.238788 ] {arch}
[0.818372 0.477384 0.204593 0.017049 0.187544 0.477384 0.767224 0.034099 0.000000 0.017049 0.000000 0.000000 0.000000 0.017049 ] {triangle}
[0.507885 0.022082 0.088328 0.441639 0.331229 0.088328 0.132492 0.176656 0.066246 0.000000 0.000000 0.022082 0.022082 0.110410 ] {arch}
[0.750117 0.112518 0.000000 0.000000 0.018753 0.037506 0.206282 0.206282 0.037506 0.018753 0.037506 0.056259 0.018753 0.037506 ] {half-cylinder}
[0.790828 0.510743 0.263609 0.049427 0.098854 0.411890 0.626072 0.065902 0.049427 0.032951 0.016476 0.032951 0.000000 0.016476 ] {triangle}
[0.085510 0.028503 0.028503 0.042755 0.099762 0.128265 0.270782 0.684081 0.185272 0.028503 0.099762 0.228027 0.342040 0.484557 ] {triangle}
[0.106764 0.035588 0.035588 0.011863 0.011863 0.000000 0.308430 0.355881 0.000000 0.000000 0.035588 0.035588 0.059314 0.106764 ] {rectangle}
[0.562833 0.337700 0.128648 0.000000 0.096486 0.289457 0.530671 0.209052 0.032162 0.016081 0.209052 0.080405 0.016081 0.241214 ] {L-shaped}
[0.582080 0.015732 0.000000 0.471957 0.314638 0.031464 0.094391 0.188783 0.173051 0.125855 0.078660 0.000000 0.031464 0.393298 ] {arch}
[0.178264 0.025466 0.178264 0.432926 0.356527 0.076399 0.127331 0.101865 0.076399 0.025466 0.101865 0.050932 0.076399 0.152797 ] {arch}
[0.739142 0.470363 0.167987 0.000000 0.201584 0.436765 0.671947 0.000000 0.000000 0.033597 0.000000 0.033597 0.016799 0.100792 ] {triangle}
[0.478748 0.239374 0.104076 0.000000 0.083261 0.228967 0.353857 0.395488 0.270597 0.156114 0.031223 0.041630 0.260189 0.385080 ] {}
[0.536983 0.232209 0.159644 0.101591 0.000000 0.188670 0.304774 0.174157 0.145130 0.116104 0.116104 0.000000 0.058052 0.116104 ] {half-cylinder}
[0.353064 0.141226 0.000000 0.000000 0.023538 0.211839 0.282451 0.282451 0.070613 0.000000 0.000000 0.000000 0.117688 0.329527 ] {cylinder}
[0.113858 0.091086 0.045543 0.045543 0.000000 0.000000 0.125243 0.694532 0.034157 0.011386 0.000000 0.022772 0.045543 0.113858 ] {rectangle}
[0.000000 0.040051 0.070089 0.120152 0.110139 0.160203 0.200253 0.851077 0.350443 0.000000 0.120152 0.310393 0.430545 0.590747 ] {triangle}
[0.126968 0.050787 0.076181 0.050787 0.000000 0.025394 0.025394 0.507872 0.380904 0.203149 0.050787 0.000000 0.177755 0.711020 ] {triangle}
[0.318663 0.250378 0.091046 0.000000 0.045523 0.204854 0.341424 0.318663 0.227616 0.091046 0.000000 0.000000 0.159331 0.273139 ] {cylinder}
[0.238989 0.026554 0.185880 0.451423 0.371760 0.079663 0.106217 0.106217 0.026554 0.053109 0.053109 0.079663 0.026554 0.159326 ] {arch}
[0.810216 0.506385 0.253192 0.000000 0.151915 0.472626 0.742698 0.000000 0.000000 0.016879 0.016879 0.016879 0.000000 0.067518 ] {triangle}
[0.597025 0.345646 0.141401 0.000000 0.094267 0.282801 0.549891 0.204245 0.000000 0.031422 0.204245 0.031422 0.031422 0.157112 ] {L-shaped}
[0.000000 0.041314 0.082628 0.103285 0.123942 0.154928 0.175585 0.867597 0.361499 0.000000 0.134271 0.330513 0.413142 0.588727 ] {triangle}
[0.373915 0.098399 0.039359 0.019680 0.000000 0.078719 0.255836 0.196797 0.059039 0.039359 0.019680 0.019680 0.039359 0.098399 ] {half-cylinder}
[0.218885 0.021888 0.065665 0.175108 0.131331 0.000000 0.131331 0.131331 0.000000 0.087554 0.065665 0.021888 0.000000 0.196996 ] {arch}
[0.140242 0.070121 0.070121 0.046747 0.023374 0.000000 0.105182 0.409040 0.011687 0.011687 0.000000 0.023374 0.000000 0.070121 ] {rectangle}
[0.161142 0.073246 0.073246 0.307635 0.058597 0.000000 0.366232 0.512725 0.014649 0.073246 0.014649 0.029299 0.043948 0.102545 ] {arch}
[0.000000 0.051475 0.092654 0.113244 0.144129 0.185309 0.205899 0.864775 0.391208 0.000000 0.144129 0.339733 0.463272 0.627991 ] {triangle}
[0.303996 0.245536 0.292304 0.011692 0.233843 0.116922 0.151998 0.385842 0.315689 0.233843 0.163690 0.058461 0.000000 0.596301 ] {triangle}
[0.421354 0.060193 0.040129 0.140451 0.060193 0.020064 0.180580 0.180580 0.040129 0.000000 0.020064 0.000000 0.000000 0.080258 ] {arch}
[0.139560 0.069780 0.069780 0.023260 0.000000 0.000000 0.360529 0.430309 0.011630 0.000000 0.011630 0.034890 0.023260 0.093040 ] {rectangle}
[0.555958 0.343386 0.130814 0.000000 0.081759 0.310682 0.523255 0.196220 0.000000 0.016352 0.196220 0.081759 0.000000 0.179869 ] {L-shaped}
[0.422423 0.000000 0.219034 0.375487 0.219034 0.078227 0.109517 0.250325 0.062581 0.062581 0.000000 0.000000 0.000000 0.359842 ] {arch}
[0.470935 0.224255 0.033638 0.011213 0.100915 0.213042 0.347595 0.370020 0.235467 0.123340 0.011213 0.044851 0.246680 0.493360 ] {}
[0.179299 0.067237 0.089650 0.044825 0.044825 0.000000 0.067237 0.537897 0.179299 0.044825 0.044825 0.022412 0.179299 0.358598 ] {half-cylinder}
[0.196053 0.000000 0.308084 0.448122 0.280076 0.056015 0.168046 0.056015 0.084023 0.028008 0.028008 0.056015 0.000000 0.140038 ] {arch}
[0.185285 0.052938 0.026469 0.000000 0.000000 0.052938 0.502915 0.185285 0.052938 0.026469 0.000000 0.000000 0.132346 0.158815 ] {cylinder}
[0.377769 0.000000 0.271993 0.362658 0.181329 0.090664 0.181329 0.181329 0.060443 0.030221 0.030221 0.000000 0.000000 0.407990 ] {arch}
[0.272979 0.024816 0.000000 0.000000 0.000000 0.074449 0.198530 0.223347 0.099265 0.024816 0.000000 0.000000 0.000000 0.223347 ] {cylinder}
[0.111065 0.022213 0.044426 0.000000 0.022213 0.000000 0.222129 0.555323 0.177703 0.044426 0.022213 0.044426 0.244342 0.444258 ] {half-cylinder}
[0.545887 0.265145 0.124774 0.000000 0.093581 0.280742 0.499097 0.233952 0.015597 0.046790 0.218355 0.124774 0.046790 0.233952 ] {L-shaped}
[0.507477 0.220642 0.000000 0.022064 0.099289 0.220642 0.319931 0.341995 0.220642 0.165482 0.044128 0.011032 0.242706 0.529541 ] {}
[0.192542 0.021394 0.064181 0.128361 0.171148 0.000000 0.106968 0.128361 0.021394 0.064181 0.085574 0.000000 0.000000 0.128361 ] {arch}
[0.807780 0.471205 0.168287 0.000000 0.218774 0.454376 0.740465 0.033657 0.000000 0.033657 0.000000 0.033657 0.050486 0.084144 ] {triangle}
[0.548484 0.344761 0.125368 0.000000 0.078355 0.266406 0.532813 0.219394 0.015671 0.078355 0.219394 0.078355 0.047013 0.188052 ] {L-shaped}
[0.345610 0.000000 0.212683 0.292439 0.172805 0.079756 0.079756 0.252561 0.146219 0.093049 0.013293 0.093049 0.000000 0.412073 ] {arch}
[0.643175 0.400468 0.182031 0.000000 0.182031 0.449009 0.546092 0.072812 0.024271 0.000000 0.024271 0.000000 0.000000 0.072812 ] {triangle}
[0.143360 0.000000 0.039098 0.000000 0.026065 0.000000 0.156393 0.104262 0.026065 0.104262 0.390982 0.104262 0.026065 0.026065 ] {arch}
[0.469566 0.218403 0.032760 0.021840 0.076441 0.196563 0.327604 0.360365 0.229323 0.152882 0.000000 0.000000 0.240243 0.480486 ] {}
[0.321103 0.000000 0.133793 0.535172 0.401379 0.187310 0.080276 0.026759 0.026759 0.000000 0.000000 0.000000 0.053517 0.214069 ] {arch}
[0.627554 0.397024 0.192108 0.000000 0.192108 0.422638 0.601940 0.076843 0.051229 0.000000 0.051229 0.000000 0.051229 0.051229 ] {triangle}
[0.373433 0.253401 0.200053 0.160043 0.120032 0.040011 0.013337 0.493465 0.400107 0.293412 0.200053 0.053348 0.000000 0.653508 ] {triangle}
[0.815217 0.475543 0.203804 0.016984 0.186821 0.441576 0.747282 0.033967 0.000000 0.016984 0.016984 0.000000 0.033967 0.033967 ] {triangle}
[0.128730 0.070216 0.070216 0.046811 0.000000 0.000000 0.128730 0.362784 0.035108 0.000000 0.000000 0.023405 0.023405 0.070216 ] {rectangle}
[0.138768 0.000000 0.023128 0.000000 0.023128 0.046256 0.231281 0.439433 0.161897 0.023128 0.000000 0.046256 0.231281 0.416305 ] {half-cylinder}
[0.170794 0.124214 0.139741 0.046580 0.015527 0.031054 0.217375 0.419222 0.077634 0.015527 0.015527 0.077634 0.077634 0.186321 ] {square}
[0.123015 0.000000 0.027337 0.000000 0.000000 0.013668 0.068342 0.123015 0.041005 0.136683 0.437387 0.369045 0.013668 0.041005 ] {arch}
[0.299617 0.000000 0.245141 0.544758 0.435807 0.163427 0.108952 0.054476 0.027238 0.081714 0.054476 0.027238 0.054476 0.245141 ] {arch}
[0.555692 0.301661 0.127015 0.000000 0.095262 0.285785 0.539815 0.206400 0.031754 0.031754 0.206400 0.111138 0.031754 0.206400 ] {L-shaped}
[0.361615 0.267863 0.174111 0.147325 0.120538 0.013393 0.013393 0.482153 0.415187 0.308042 0.187504 0.040179 0.000000 0.723229 ] {triangle}
[0.638518 0.388119 0.187799 0.000000 0.187799 0.413159 0.588438 0.075120 0.025040 0.025040 0.025040 0.025040 0.000000 0.050080 ] {triangle}
[0.456721 0.217486 0.065246 0.010874 0.086994 0.250109 0.358852 0.413224 0.228361 0.141366 0.000000 0.043497 0.304481 0.467595 ] {}
[0.137620 0.000000 0.045873 0.000000 0.000000 0.022937 0.091747 0.504606 0.160556 0.045873 0.022937 0.000000 0.206430 0.458733 ] {half-cylinder}
[0.241565 0.021960 0.021960 0.109802 0.175684 0.000000 0.087842 0.131763 0.000000 0.087842 0.109802 0.021960 0.000000 0.109802 ] {arch}
[0.232882 0.124204 0.139729 0.046576 0.015525 0.031051 0.217357 0.450239 0.077627 0.015525 0.000000 0.093153 0.108678 0.170780 ] {square}
[0.396248 0.000000 0.099062 0.445779 0.321951 0.148593 0.099062 0.148593 0.024765 0.024765 0.074296 0.049531 0.049531 0.222889 ] {arch}
[0.407459 0.015091 0.271639 0.362186 0.211275 0.090546 0.120729 0.150911 0.060364 0.030182 0.030182 0.000000 0.000000 0.271639 ] {arch}
[0.552462 0.322270 0.138116 0.000000 0.061385 0.306924 0.552462 0.260885 0.015346 0.076731 0.230193 0.076731 0.015346 0.184154 ] {L-shaped}
[0.157787 0.013149 0.039447 0.026298 0.026298 0.026298 0.092043 0.078894 0.052596 0.078894 0.433915 0.118340 0.013149 0.026298 ] {arch}
[0.623675 0.411626 0.212050 0.000000 0.137209 0.411626 0.598728 0.062368 0.024947 0.024947 0.024947 0.049894 0.024947 0.037421 ] {triangle}
[0.447698 0.218389 0.032758 0.021839 0.109195 0.218389 0.349423 0.393101 0.240228 0.174711 0.010919 0.043678 0.305745 0.447698 ] {}
[0.356911 0.254937 0.229443 0.165709 0.152962 0.050987 0.063734 0.471633 0.382405 0.280430 0.203949 0.063734 0.012747 0.662835 ] {triangle}
[0.201916 0.020192 0.060575 0.161533 0.060575 0.000000 0.141341 0.100958 0.020192 0.020192 0.020192 0.020192 0.020192 0.060575 ] {arch}
[0.173259 0.064972 0.064972 0.000000 0.021657 0.000000 0.173259 0.519777 0.151602 0.064972 0.021657 0.086630 0.216574 0.433148 ] {half-cylinder}
[0.734150 0.483872 0.233593 0.000000 0.166852 0.450501 0.734150 0.050056 0.033370 0.050056 0.000000 0.016685 0.033370 0.050056 ] {triangle}
[0.116350 0.069810 0.046540 0.046540 0.000000 0.000000 0.127985 0.430494 0.011635 0.011635 0.011635 0.011635 0.023270 0.093080 ] {rectangle}
[0.191653 0.162168 0.162168 0.044228 0.014743 0.088455 0.280108 0.515988 0.103198 0.029485 0.014743 0.073713 0.103198 0.162168 ] {square}
[0.431081 0.000000 0.267568 0.356757 0.178378 0.089189 0.178378 0.163514 0.044595 0.044595 0.000000 0.014865 0.000000 0.327027 ] {arch}
[0.177537 0.000000 0.202899 0.431160 0.329711 0.152174 0.050725 0.101450 0.050725 0.000000 0.050725 0.025362 0.050725 0.126812 ] {arch}
[0.339190 0.092506 0.000000 0.000000 0.000000 0.123342 0.277519 0.123342 0.000000 0.000000 0.000000 0.030835 0.061671 0.123342 ] {cylinder}
[0.580534 0.305544 0.137495 0.000000 0.091663 0.274990 0.534702 0.229158 0.015277 0.015277 0.229158 0.091663 0.045832 0.183326 ] {L-shaped}
[0.171907 0.000000 0.039671 0.013224 0.013224 0.026447 0.158684 0.105789 0.026447 0.092565 0.409933 0.119013 0.039671 0.026447 ] {arch}
[0.647638 0.368265 0.190482 0.000000 0.190482 0.419060 0.609542 0.063494 0.012699 0.000000 0.012699 0.000000 0.000000 0.025398 ] {triangle}
[0.502532 0.207567 0.021849 0.010925 0.098321 0.218492 0.316813 0.404210 0.262190 0.174794 0.021849 0.054623 0.294964 0.480682 ] {}
[0.364633 0.221384 0.247429 0.130226 0.143249 0.052090 0.052090 0.442768 0.364633 0.286497 0.169294 0.065113 0.000000 0.703220 ] {triangle}
[0.209270 0.020927 0.020927 0.146489 0.125562 0.020927 0.125562 0.125562 0.020927 0.020927 0.020927 0.020927 0.000000 0.062781 ] {arch}
[0.152347 0.043528 0.043528 0.000000 0.021764 0.000000 0.174111 0.544096 0.152347 0.065292 0.043528 0.021764 0.195875 0.478805 ] {half-cylinder}
[0.759040 0.506027 0.236146 0.000000 0.151808 0.472292 0.742172 0.016868 0.000000 0.033735 0.000000 0.016868 0.000000 0.067470 ] {triangle}
[0.129230 0.058741 0.035244 0.023496 0.000000 0.000000 0.105733 0.411186 0.011748 0.011748 0.000000 0.000000 0.023496 0.082237 ] {rectangle}
[0.208625 0.149018 0.163919 0.029804 0.029804 0.044705 0.238428 0.491758 0.104312 0.029804 0.014902 0.104312 0.119214 0.193723 ] {square}
[0.388290 0.000000 0.302004 0.330766 0.201336 0.086287 0.172573 0.186955 0.071906 0.071906 0.014381 0.028762 0.014381 0.330766 ] {arch}
[0.312677 0.000000 0.208451 0.521129 0.338734 0.156339 0.104226 0.052113 0.000000 0.026056 0.078169 0.078169 0.052113 0.156339 ] {arch}
[0.304676 0.121871 0.000000 0.000000 0.030468 0.121871 0.213273 0.152338 0.000000 0.000000 0.000000 0.000000 0.000000 0.091403 ] {cylinder}
